Customers 150 
Coordinate X		 Coordinate Y 		Demand 
5.139198306306248  -10.286870091258129  1.3723567126761018  
-10.265388504238112  -0.485704410305015  0.07682440568438031  
-9.736851747216507  -10.019931625298282  1.826024816045924  
-4.443415933330378  10.942097072397992  1.9828487616823312  
-14.932853577993818  5.1326493093350685  2.085692475925059  
-14.858806653543354  -6.844221699768346  2.154745218292445  
14.733143904900412  6.751207282459887  1.539310620936055  
-6.636669870099535  -7.922070243854639  1.6186153739375577  
3.605818071978778  -14.601193515690913  2.303813690100789  
-14.187784553092781  7.639250806536012  1.127274175413656  
4.13486280800463  1.822366490599702  1.246740431447913  
10.207754764773334  -11.650264115995396  0.436585173906692  
4.075947981575851  7.501318209214414  2.086131431942001  
1.1341429770783087  6.369730512928129  1.3758937192645606  
-11.057472961031001  -11.276512871524243  0.15659533858156938  
8.832926170036252  1.010552789084329  0.1129483620209526  
14.20069049880621  5.867879641079501  0.5544336909167241  
10.297695870523704  -13.90562485774412  2.1387020085797164  
-10.80075151628332  7.0740715753242895  0.9997153003787786  
-1.58739678533429  4.103035841513716  1.6223822608661305  
-7.672769545693862  -7.022124174708798  38.60859761327802  
2.376891316456792  -12.454511740366323  65.70023254545856  
-5.60900957749331  6.692986199953367  0.050937586202035035  
0.15761829963193286  -4.526441973101594  1.0822441638600797  
4.703097092441265  0.7182763945262831  0.14462674838386147  
-8.787228716079127  10.57570960873361  0.5504796582081815  
11.875217098925102  -0.04954991354823868  59.09988843728696  
-4.773048835024397  -10.221502421668742  0.919029140269709  
-1.1928491013115998  -2.518280952330656  2.363556542857133  
-9.898182473248998  -1.2146005751570552  63.057081949894666  
-11.135767162796162  -12.637788689461459  2.044016200910959  
-10.056513733878782  -1.5172879026639592  5.305864942966629  
-2.264730972199647  6.006780244095303  0.8569886569892848  
-8.710945260120438  -1.3577973569092663  1.1001145189918569  
12.963205119931601  1.4259150133842482  0.5852003838383832  
3.3144610955019473  11.850198493191776  2.229646854489848  
10.64071212191261  -13.039566216131327  36.127527531305404  
-4.734158356531912  -1.907193810628792  1.6604406994437477  
-3.7371227859075926  13.699651426480532  2.3943789548381407  
-8.143400585474401  -2.0730556714267667  0.11200150601874598  
4.2291816828059545  13.262698838481544  2.0473367493727723  
14.872347983208691  -0.33311846914570964  0.9624100281948111  
-2.013031666225096  -9.877300729739945  0.8797520880184575  
-3.274065910252439  -6.484037698636927  0.777098727228577  
10.308563304459327  0.1534705030903485  2.342379887434288  
9.20472079955627  13.073214497739983  0.037976685805476695  
0.6942624571396543  -10.421548661060912  2.0772271935133886  
-11.847684713580252  2.144517026849787  1.9732922200446352  
-5.606644904659458  -3.9984588596041757  2.0807444904726906  
2.3269370601651325  12.288024387913438  0.5136255170761306  
-4.964620237325972  -9.300471246412211  0.9902165683962159  
-7.821392627823208  14.023533167957947  1.524400394220888  
10.363792242788534  -1.144188601420872  2.4562433723968007  
11.78734600829123  -7.864530998260609  2.0903068555670017  
-1.9357565747724585  1.9150836599108736  1.6892013776331352  
4.704573860307278  12.999197654003623  22.203035832194395  
-3.8203526205981397  3.7386839742541405  25.88551577040937  
11.939893851085277  -10.639665957625933  2.2206366676733484  
-9.895774097909012  -10.259710299813651  2.4210606798520895  
7.835448827988049  -14.503255411413411  0.720130066768728  
5.6487270915187295  -4.318352503489296  1.626295267984844  
7.070041293095368  -6.807078589773299  1.733362630928845  
-4.831011209283316  0.3080191417752314  1.978166149852537  
13.535196374103538  6.456430222694163  0.05189842974149761  
-8.749947276634762  -6.496952820712384  0.6745258012548574  
-10.674633461095695  0.40610711078894646  0.1550955318642641  
-10.061995588343343  9.142705991650026  1.0772429262645513  
-0.4155434479717872  -2.7383058067794366  0.5688385065649983  
-6.988271170366842  9.328045594836546  1.4374664771543266  
6.45085667062807  -10.135394790828727  1.97930670985307  
-13.71322635464902  -5.823599315122625  67.94747878931295  
-7.156818869866686  10.659507697454021  2.0021681776632225  
-1.5565000529604944  -1.1492351489023562  2.185644698492695  
-5.67111639952067  11.56640631539043  0.13259067150069664  
2.371719682681192  7.007007629875595  1.2314988951746344  
14.817953592082596  7.672913744432286  2.0264594568656125  
-1.4760076678933505  -2.661375745415839  1.6819420553137916  
-10.676129813668574  -14.823592188750807  0.38819356475622263  
-2.7302192884171568  -12.601287013478093  0.8883573304439357  
-5.4659992470083125  11.505745401569158  0.3655499116780761  
14.742647147168036  6.378857589039374  46.73566496241739  
-14.568355948408726  3.052233807151545  0.4768073078554655  
-5.827318800367822  -3.975397546408068  0.1166259194527125  
-6.288113172762914  -6.560458070397727  0.7207195241812336  
-7.803660940370721  6.367223197393518  0.1076967963288522  
-8.76652200820596  12.762239240917946  6.289288111063262  
-12.864104592830596  10.4514576661431  0.2794999262042605  
9.248899112128814  -14.277352169804852  1.7711331229410594  
-6.25931996903279  -10.26109827387991  1.009626934703631  
1.654818532541551  4.095701918396745  26.307615890128208  
6.382298884127621  -10.63324890410776  0.6427687913597904  
-1.994878959384149  -13.548504076219473  0.9965485163170784  
-9.803982987353884  -0.05842360890910747  0.2920301200346981  
-10.471300713976822  -4.43479370433219  1.7594321062798077  
-2.8394971903331907  10.047820902641629  2.3220359816409015  
-11.105811196771768  1.4440863040682466  0.07229038304747415  
11.608108126249423  11.150705823213674  0.7267229493122505  
-8.036154411875746  -14.598793290619541  2.060590699078483  
7.1578812328966706  14.07323534800242  61.18025640242733  
-2.7212601905997396  -1.894356488658481  0.586489528955621  
14.563496326807297  -6.273017882222465  0.14010137884375995  
6.517464828186679  2.0387863719971335  12.882851875119957  
7.468283391578698  -13.723652558032201  0.8417279358406018  
-3.3294539408651307  -3.713531758686738  1.3295878264277239  
-9.440438896695216  0.41597788730219776  1.478524626915979  
12.172726271217702  -0.9034032907589413  0.6154528925227634  
-7.885567326570612  11.941031999226169  2.3241274174417095  
-7.26466288112503  11.13197353125851  0.9061090788054282  
0.42926542721170335  -11.71002237597457  1.0084649128962768  
10.12092210240251  -0.15200619644588897  1.3234316638811077  
11.125013784646573  -12.760385730571453  31.82496837831132  
4.602309795855259  12.924909223219181  1.9186950087559889  
-0.17941345035398726  -8.567999251896707  0.9014221573300805  
9.348324222552733  -3.8156519727986815  0.07094767491237053  
2.1664483491761892  -12.087015893560185  0.8919348300001493  
-1.5216792888615398  8.919771351519785  14.929471798908468  
10.73063131772279  -0.6379910345514297  2.4536053007886083  
2.027724948067746  7.070557039873314  0.9902657470688048  
5.729357374097685  -8.807100523629966  2.2950908162506893  
-1.4332228059621954  -7.8305957222961995  2.263295184454059  
-5.905553037557571  6.205302182038185  1.190378285689489  
3.7146609448565044  11.49273331703985  2.1286462813043294  
-1.1302883012849705  -14.033526283549696  0.7355116709241505  
0.29120258156202006  12.343785514606868  1.459228198718184  
8.428511041346471  5.6031031982071084  0.10547239609734887  
-6.651666416252459  10.898088337278764  1.2290616646691213  
-7.4953329254078325  6.182855708967278  0.39910287472411876  
0.8235011803510925  -6.458999831393243  1.1929954444967814  
9.528915958642923  6.365326936097791  2.2849637820379254  
8.05721074172019  -3.8730033352259188  1.2081773259072537  
-12.736906959253036  12.502092017902953  0.7860158217618138  
11.916900315843531  4.090403882463033  1.8476695340766247  
-3.775766018796249  -6.134459317729782  1.6660167084928004  
-12.230685704212089  13.837254902650159  43.937906122923536  
12.890780171301856  -2.813818506401713  55.04472058417663  
10.04358712655123  3.347968690810948  0.9262369007836377  
7.1830759379621725  2.1781084164326856  0.6803925477012054  
14.62720202671305  -12.57947677631601  2.0863873892499347  
-3.7896553054282833  -2.767687712843127  4.613380506404851  
-11.162969060772284  10.483824081767601  0.7414932314746605  
13.776333991460827  11.95752615533317  1.0327242353721222  
2.2076307450253765  -2.589046721808291  2.2508322250249795  
12.635813272747775  0.7482926739769713  29.031239938199693  
8.838989660307902  -9.738023052121228  0.17820484257064173  
-6.00588637754862  -10.94005817019372  1.3635565819621664  
-10.454089749406652  -13.61398880373136  0.6615008696050967  
6.241898447496165  1.5701624988842866  2.355013609289614  
-10.448788864027176  10.812225849108344  1.777535459464159  
-7.582649419285349  -11.093136952263052  0.5471518988521556  
4.9649443259520325  13.35947802650681  0.1775458344011832  
