Customers 150 
Coordinate X		 Coordinate Y 		Demand 
5.106948868312461  -9.250887148765626  2.3407578281504886  
3.010435752208842  1.757858734879651  1.2275400866648223  
14.747610836335951  -11.5200653185194  0.8846515384549597  
-11.35947848241468  4.910474345294059  1.1643196417753832  
5.011875395357269  -13.49116540346999  0.4892044483070343  
-1.337734618793986  -12.366044876769294  0.854238307633261  
-11.659392121440423  -4.121143788593944  0.8959046884130719  
2.9010802722542834  5.944345103432347  0.4891148791395855  
-9.958958513554776  -8.184937598232299  0.881157791645544  
10.653067449016731  0.5615327352212347  1.8746414192576655  
-10.099579099146894  14.089933935886592  2.0269074343913376  
-4.861062710811808  6.596855110544059  1.7420960231856777  
-9.240510257818112  5.3593489617231  2.4938503660108906  
-9.086143002193522  10.801129260172935  21.66778548415223  
-7.086999771694168  -11.476165202673057  2.2913857470104397  
-3.1495804830802463  1.1777906227791277  2.3535242233407203  
-9.295563977595654  -8.330224015045598  2.1634399826596438  
14.811919092151477  11.265839466957384  51.226570302482024  
-4.817859290210741  6.645258210704757  1.3343070305129996  
-8.366872890286576  -1.1027342403314933  0.5815457179963107  
4.184031938597467  4.825253731257529  2.483645771481497  
9.525743600747973  6.733656613939356  1.9149799119742774  
-1.2819074531540284  11.120819192333752  0.4447738454929376  
-2.4742781736536816  9.386658820944707  0.7619021432404751  
-7.994175254312964  4.787000528109473  1.7453997835312351  
14.099653186546814  -0.5730000712421592  38.044751939103584  
-14.94414198919158  -6.915869645163156  0.23493319099569393  
-1.4726077912157773  2.086735679028518  1.5361562752318767  
-9.865106153910094  11.347211430313877  2.1675139387273714  
-3.821881529656979  -14.040567148189302  2.1343787421703113  
-8.996821705021544  -9.481938018790677  2.234901327362861  
10.29701453973319  4.502957341455421  0.8084332620956897  
-13.718314412789276  10.694918928575312  0.16836282163164573  
-9.580243879010498  10.649566008472512  0.22737371502752263  
-0.18179240385871331  -3.2458093167091917  0.6537044937238043  
-4.96800494956539  -5.672018705509286  1.1806775502321112  
9.419527353404725  -10.400967927560195  2.428582120418415  
3.5910230597624597  -9.797852631262671  1.787938300531763  
-7.183126692173291  4.089443126650973  0.5562349799671801  
0.5268074603010433  -9.568657453664022  2.1164254864110585  
-2.7681667541355175  -7.791426993417958  1.4947823551313602  
1.3395868858283535  14.756343841117197  1.6381526101535637  
-3.5900770041301264  -12.480083730056519  1.2062229816007335  
-1.5887922565180173  -2.2836711014409268  4.6770556222010224  
-3.511006025644029  4.470092815528503  2.174278919682345  
-8.352605348963216  0.30120468954752866  0.3701894172138698  
-10.430337149862632  -6.408106882291415  0.8252239581026033  
6.56814467430522  0.8440412815335279  0.42278275841367174  
-8.645039427947225  11.162282099518258  2.470836966102746  
9.963422326163275  -2.5416831684168866  36.56329149201483  
-13.273621104760673  -10.629956071659414  1.5176216624021976  
0.7313556462751993  -8.175361516664916  2.2015964989323518  
4.623508745940889  0.5477617528693717  10.659527354285366  
-8.983887218288404  1.6316455358796382  1.0252697634279808  
11.09444967740686  -3.477187793332078  18.52515163917214  
-9.737352905923927  -13.52422635182988  2.287477482564653  
6.884192132938498  -8.357931973551867  63.12753951289721  
-7.694495705067635  -0.4754352342083443  2.3350046940291347  
3.4281417103554865  -14.475007142779337  2.166412241460158  
3.1088677887239378  14.748219191574798  65.55180528763756  
8.617988708561711  9.099820027818055  0.8463671099555026  
4.2750444421573235  -2.9759293129180744  0.7251462197455352  
11.207099526557737  -5.022505771959043  2.3949606759697746  
-5.061436840554908  9.91867275631002  0.4280235574304714  
-9.77737373346104  -9.281923858926284  0.6257785175625343  
-7.836911294102932  13.452187503956186  0.7658173500845524  
13.25151446418828  11.044286950762842  0.25333271464837076  
-2.5416770642616484  1.6497587375844596  2.1275006346296346  
14.967601498006118  2.5568813780161896  1.1100024378352353  
4.534093407951133  -2.8154399645120183  1.07283781250881  
-5.23301104645215  12.006545611931752  1.9456465036014703  
10.908812498372335  -2.082790492131073  2.1789485600507095  
-0.12111604689683908  -3.3230039505788582  0.9290283864973516  
3.489489781002849  7.63622789153289  1.632629654241271  
-12.18091643752679  12.933972750244994  0.5951951196927738  
-14.259505578677011  -9.195759577100553  0.6250755352083143  
-0.4466917622664326  -3.5051828442121273  0.6079497736194781  
1.5582474488433888  -11.385402882131162  2.230638175267154  
2.2375523886685897  5.473312108753255  2.331558813644295  
-1.530965383284224  11.16311033872454  1.0762669081945364  
-2.097345778030956  4.754484674459675  2.3308344549301854  
10.267127538742418  -11.960409688418025  0.7332686209410657  
11.950266575441155  -12.245951763703383  0.043733110530583263  
6.710399117742892  7.1438674162793205  1.8880295016164954  
2.8274128014080233  9.117176095876815  0.4956102930176945  
-4.609378820865542  -0.9690102646697198  67.30146391980145  
11.746826174357963  9.411295790936396  1.0492724882702609  
8.395635017550358  11.590284013282524  1.566952026102026  
8.820242799423326  10.36758809137499  1.8099669018885343  
3.8805753942776526  7.36296471330559  54.61297352412175  
9.47185789613276  6.725876533726044  66.15158090182271  
-9.834657059830239  13.30298178104351  2.1551804059070303  
-7.500889706880266  -1.762394016918428  1.1782726994399702  
-2.524492039493065  -9.714208867996302  0.8664491421808207  
-1.3519996856353966  12.88158021302496  0.2804305399053747  
9.94383322038508  -2.830260409895498  50.79732761256534  
-13.929880919819283  9.84716213349666  2.1295073609784536  
7.989606977250592  1.7147498582748213  0.4354752192269831  
-13.471422360284645  8.339615821360429  45.21817490520054  
8.692970486400306  -11.837009233276872  0.5623894404158438  
3.720029380877989  -14.237722333176396  0.5362106982389323  
-0.7185770240801208  -1.2137760322953142  0.5694243071853364  
2.5799618410086183  -3.669749680888877  0.2730916902453498  
-3.654292237105043  -5.795490136287251  2.302949128534871  
-14.061539918622044  8.67029668626299  0.37444623164502505  
-9.097757832716582  -5.219028238967846  0.8380057635951943  
12.393617078279913  -11.538365845539957  0.26636275156680406  
-3.0806932582937083  12.897284718809566  13.360778981970961  
-13.23021721151033  9.672304270090919  0.2747809645526364  
8.424153120784265  13.414599037932273  0.263882724477387  
-7.972158576555035  5.445814697203886  0.8480781821019567  
7.808244443655518  -2.875425081846373  58.36516591787483  
-11.005299233185728  7.192735175561438  57.89415160976351  
-4.5522045235886  9.495208946975222  1.932734016966352  
-2.220814918533625  -12.058063084133348  1.517040590770142  
-11.74319037572064  4.516160464679867  1.0824783514578602  
-7.758485230047371  -6.493834125441593  0.3995204499084215  
2.2898007474094726  10.948242152253961  1.2068312541274446  
6.383563663964239  -7.483370266504458  1.0303233397922846  
12.011383782566359  5.7817786397623365  1.5168739311845882  
-0.9729204344326021  -6.118702255893632  1.1906118456944461  
6.3499196258912605  -12.79148933055813  1.2921318011381722  
-9.352943990047812  -2.278415008820918  1.5665550398311587  
-0.8475871923318614  -3.0882569768585526  0.5250505567689917  
3.7274442252594255  13.342126717874688  50.0856014837108  
9.157833332661337  -1.0205900514214665  2.40888729618368  
5.506389906459987  -4.711682380100802  1.8052192505999325  
2.1060650167547372  10.24475696459212  1.9756557747424752  
-0.5218159976317711  6.046301410331701  0.12974324671130827  
5.099657281395366  14.359323285180984  0.8157678564516457  
-0.4808840674397583  -8.559882473964157  0.1719703368880235  
10.835574913461787  9.402908766840046  0.9360108312859219  
-11.995584919482846  2.2806645726482486  2.0561433743673883  
-13.17587121296945  6.335215653953995  1.437501652576907  
-3.2165325848576316  -6.6788097152021955  54.89906580731687  
12.212276913760363  13.093856849870601  2.3202585246173295  
7.380500016012924  -11.926013402470053  1.1802776210799126  
2.3284844063027244  -13.356591752079876  0.34603057796743525  
4.287910296229967  -4.457023416704208  1.8572061018619233  
-11.433674760546442  12.780204226077995  2.9198882086138576  
12.7194409683731  2.4268850380078426  45.098104799948416  
8.724022663599104  -9.002449960259007  0.8451810258097192  
-10.309623570163568  11.847672541482279  2.289911239711944  
-9.58289845607844  -0.7839433016806243  0.2396048628158884  
14.791956919185342  -12.841068295190578  0.47571504101618867  
-12.318642696972637  0.6837669192144524  1.9088506119438817  
4.527189919607856  -13.11107613464953  0.23188472455164422  
-1.6166886122975814  -7.149228737121076  0.36964312249801595  
11.57525404351264  4.372947118792538  0.982695128818612  
7.555354584695813  -4.476995723315676  0.2227105642117555  
