Customers 200 
Coordinate X		 Coordinate Y 		Demand 
-11.39403959224117  2.104037784214107  1.359174092582004  
-14.028385705137174  2.639802363420408  1.0154658514790786  
-4.040346339118287  -13.58919900631792  0.5528247688824359  
-1.4110071778083615  -5.352886795340996  1.7036502401104285  
11.480978091257107  9.627464741020269  1.460838143945815  
-11.033228843695138  8.977259627217858  0.6414332098371645  
-4.1835462796335605  6.863950115374752  29.9633698607897  
3.057818544927475  4.193943804888669  2.0291969126095664  
-11.96946975123005  6.07733628215135  1.1728571414555868  
-2.3134165283089096  10.676377324438228  0.7058302928423121  
-6.799281225297193  -0.9093156599494847  0.8786561126791065  
5.194694006312634  11.156835993351596  1.7353424757706217  
-7.692971086145802  -13.047936838365636  0.16283794479330455  
11.45509761078738  -11.608600396723872  0.007666451050543921  
-14.060839764566175  -0.40527089189425425  1.8287092739169373  
-12.47183789654498  -11.325197332294623  0.5274817867651773  
-9.155122628143896  -12.740612519142942  1.1602426721955783  
12.733184181472293  -2.5896598544062304  0.6898842614950953  
5.84301257624584  -1.360522457815085  1.2797928533546032  
14.408739944043688  0.44576556882938156  1.4667303859302694  
1.1245235204737867  -11.789584103231725  0.17527654282058158  
7.135319570112703  12.386118209180939  0.0524851673430346  
-7.534942963034233  12.703739395753885  28.913403000693087  
11.693671428651154  10.594413349885034  2.1434014050490773  
-0.6275563087326503  -5.812916527366191  0.4384776230637838  
11.53231185684627  -8.908859879400577  0.14885806923856992  
-6.307427228979272  4.710929249649205  0.32852154540751605  
12.01761806121349  10.063497608126998  1.7586863307012024  
12.697071460748628  -5.01693506484593  1.3110110658992342  
5.239958365277907  -7.8046878629855145  1.415311408500142  
-11.823762882450342  -2.9683089491229104  2.3335896656833106  
10.649286870101218  -5.471432002947662  0.36453807668705707  
-9.439342183511735  8.318114785997846  0.915665365928347  
9.293643116734724  2.067493394192738  1.5838080529925922  
4.594951081803163  2.259959664214243  1.9790276283038908  
-13.066002995597184  -11.163859616082586  1.5117576134986201  
10.58707228948893  7.625846326036047  1.2385524369019831  
8.80887173038786  -4.3996135180252445  1.1279033023240836  
12.756612152055975  -3.237540339872009  2.2643255214545213  
-13.67781611216612  12.965310793115293  2.0562837636810714  
-6.294459194006151  -9.88504481978922  1.9515103755022887  
3.4277430986889073  6.058865870739929  1.4918862917645508  
-8.465180522634954  12.001642903637624  61.69339520061131  
7.98383847158021  4.5127974775376885  0.37368569742402297  
-6.369676835543023  -9.896129440766531  1.705209749574606  
-9.148639703187417  8.951739942032546  2.3531241802127716  
8.641518335213203  -1.3679352794004362  21.527784699392647  
13.008886726975526  12.701426987658067  1.731859376354593  
-4.3236790265391765  -7.371150319186129  0.6429626098720431  
-11.541823073690502  -5.073041977262564  1.6676099231494805  
-2.7644185696532233  -11.62980739355397  1.5879751822143828  
8.193505131182857  -11.08794537291301  2.0719259897549183  
-10.089368079681572  2.325508421379979  0.3852350262501178  
-11.99171998944386  6.690247000103376  2.248712531615887  
-5.6326709635360075  -1.3623411232344527  2.4912757201048703  
10.412374157536302  -1.2610760115345538  1.447334525246027  
3.6400367357971284  12.583791104015287  0.23486219836244604  
8.433615924007174  4.9471902581070175  1.129130990684037  
-13.741016713111714  -5.022054586697871  0.21633276244042737  
-3.423130452974142  0.5684622169349076  0.8711670397013033  
-11.765576451170151  9.976374728747615  0.852967575094245  
-8.285852491173086  -1.6312562057432274  0.45605118549321894  
5.42106309623172  -13.75348988337786  1.6817121832903912  
4.179190243338091  -14.318483857915279  1.3216468725334187  
-4.713847910094527  -1.0394876609446886  1.6555838779446272  
6.83995199014894  2.580186164075375  1.1695057044672557  
14.60471814842655  -2.425653204695676  1.7950888573458614  
7.4224254501443845  14.879020561197539  1.1558504905334317  
-2.8946487388667403  1.8533144070036691  0.6809785801815429  
-3.1407458979715717  -6.826487688455087  0.7139370226268682  
12.589993680980509  -3.895013685237341  1.8996734053704067  
3.9365556697360127  -13.368889926818893  0.6816217907956107  
-3.4488389746652874  -10.919533774645124  0.6776814762100316  
14.0124013531271  -12.25674279608299  1.0329639346119524  
-13.189958958877279  -5.495067029268256  0.06634129994762789  
-2.919604900919012  -8.250336042132245  0.1376902959647497  
-8.80109591446925  -5.301614893552438  0.16321577539054472  
-2.0482286261529605  1.9457646935900037  0.597350548235067  
-2.1887409618266105  -12.752460559823996  1.9814659147739522  
8.82947203054125  9.58428879454738  2.3319917330634015  
-13.156799457648136  12.189811352875644  0.7035325154163757  
12.047619615057823  14.581887078420937  1.7161790492854736  
-9.450623849579088  4.670317850931081  1.1804539342482823  
-11.750159671789635  10.741743960634508  1.1881923556299885  
-14.662982293738388  -14.467158282854186  1.6631477178302023  
-7.220136848414001  -13.29687279310448  1.8812252503818057  
7.521469786710433  -0.19430878309161415  2.376984557595266  
-9.442162597426481  1.3287959288721822  2.450415910207155  
-8.233342029680108  0.5433957390646516  1.1759828258468288  
-12.784194715667281  9.741216199116117  0.39453720327013303  
8.7339241673657  2.9851769687183243  1.6379512495499342  
11.765770578578934  -6.281482320155959  10.259762012737761  
-4.037316821135958  1.49112188989535  2.086908480361489  
-6.42620732912494  -2.338873439909685  1.5292172284700067  
3.506321236508782  -10.78298512682979  2.1541070620585394  
3.913550409066467  8.840019595232263  1.1074998286260223  
3.3467801859735964  7.988741958662128  1.6139909077120993  
-10.12718585123486  -11.862473726744424  14.903259715082333  
-0.8887257829733262  13.33722883633018  51.13801732682874  
-4.113746724322706  4.991625466383734  19.537439741021473  
10.114557545434849  7.154829880806194  0.981442129914806  
-14.3319661245477  -12.245329925556229  0.8074748310479235  
-8.749801332715945  -2.0658767393105997  1.6280886122958855  
4.817625123667881  -11.822522251552135  0.9118147254916817  
-2.245713927301953  -13.94996850880159  1.273272563136068  
-8.12773473316664  6.229725000559277  2.264408468048252  
11.365013216472725  -0.9537764323084481  0.36236797211026933  
-6.920477022133051  -11.032416540525727  0.34652087660221764  
-8.098428567595919  -0.6132799393919637  1.7576473268793256  
13.663379699460808  -5.340464646128828  0.023407967652638584  
5.785790765717461  4.63364903919636  0.6159561334153141  
5.857293569223181  10.881300947987867  1.2799171623169145  
-9.470029402096163  -12.48791171382018  1.931945351190133  
-8.52234667082991  2.79082730543697  1.7866838958431217  
11.714333109330806  0.8229253539540711  31.534580163518605  
-5.688911151573697  -4.705739847033586  0.7207537942010228  
-13.522461451792353  -10.335318123179993  1.038521822046852  
5.089051802608591  0.31384933786177704  38.90379442539041  
-14.95630353114087  -9.07476653367047  2.3159031446754783  
-0.676879601741815  -2.131279843983201  0.8313684415728937  
9.309318836927439  -12.495635324792492  1.301173275758196  
5.774454426288276  7.179446515736156  0.19316593728861936  
-14.986357317548197  12.228096391897797  39.54657443801808  
-9.16915194919168  -8.492633515558481  0.30624144886639504  
-8.484233366176824  -6.08427507232083  1.1323068138572951  
-8.435190029947664  7.939577747966766  0.011866196692366104  
10.702036389638462  -14.43949408843189  0.3116841749388069  
7.746111426732895  0.830545706503834  0.4087543678958247  
14.047113850202592  12.084922478471746  2.06081114743875  
10.58223818655318  -4.888730440005309  1.3218479481428866  
14.352175023986735  12.63148137112649  16.50435208681302  
13.46019165606463  13.176936648339293  1.9161515256265433  
-13.816333710109566  -0.15003674624195185  0.6306318737509129  
7.463061177005077  6.5640052583143955  0.504445346066833  
-13.463940563249954  -3.8579275773797868  1.2020092246907685  
-8.065179508585354  11.127658008996267  1.7227046088248774  
4.742045119225178  4.324422716666849  1.5200491782776075  
7.866776896669439  -8.069448948084839  2.3720533388238807  
8.153598669500372  7.670793414126102  1.351040973456882  
-0.6208848676232961  -8.446184720668118  0.35108047047825997  
-2.3826414255141106  1.794597953201503  0.6316590612699174  
-3.92903078786264  3.041223377476033  47.756495788571016  
14.267754910716263  8.332498592116835  0.3549383491310698  
6.512461783427984  -13.812514152823741  1.6219122138649587  
-13.338681117583784  -2.1098957412060955  1.9030574740551511  
10.652153839857053  3.3815900522394067  0.20570492816239017  
4.7756248365299925  -12.789304342266401  0.1882579971500059  
-3.5866715006890644  8.716138936003844  0.7315729396004991  
-5.103712369960775  13.02790393203588  1.5882276817726555  
-6.747436481332484  1.5736117365683988  2.1508329926281893  
-3.0845406527093964  -7.436707463935445  0.787276176072273  
2.9540178232149152  3.4004950709775272  1.9881532173685132  
3.065267241639006  -1.8702266894417559  1.2596307221513172  
5.432872192821016  13.880217671217785  0.7735947907560131  
4.6096192412512735  10.801787863747698  2.2561807899880804  
14.821363017553704  -9.784177386325979  2.455641183375375  
0.5178258224163308  -4.386788598181212  0.7809988671964982  
-11.389149170580435  -9.266676487572006  24.613923935096054  
-0.3565311629622716  8.243892007370473  0.16896647040454182  
0.12334933539317561  1.5166715890078812  0.25630617622474844  
-4.56804217249015  -9.344217267275553  8.325161947819737E-4  
12.085967163723417  -7.714718793441504  1.6666536293486223  
-10.319790890480348  0.6395913531589805  0.2170330242561866  
6.581685142962563  5.2250441338019264  1.2812849240101212  
-0.628112961611949  7.732894641605  0.41659986811073774  
4.149920208117386  -2.0162281433860407  1.5887654933519681  
-11.888354354780674  -14.529353743292203  0.9524866333678093  
-7.6896969998009315  9.542004919765311  0.5593716423562742  
1.1818031294326161  -12.570979588073282  0.5596399880485938  
1.2831119834266396  -4.829870712794756  10.15616907693013  
10.744894770018735  -7.9764699711748275  0.8771444572954565  
2.1798016516793695  4.182726857013506  2.034010497414223  
5.21553517747445  -1.4776485160605208  1.3507688393704422  
0.43705714313422916  1.701110177681901  0.11820715607161719  
-5.674971033247738  -5.764198418581136  1.127242248390071  
14.767822892967654  -6.865025910213072  0.49849171903477874  
-1.0978314037124548  -9.657106727110339  0.17658837460322624  
-0.5972701800519591  7.594093999629784  0.17531096999477552  
11.893656888819141  1.3159182154276756  0.0038451839747585814  
14.895370241420206  13.941025190094635  1.939350600436217  
14.647590967408448  0.4039918533058593  2.4364991135428995  
0.2648497063739761  0.6957223699828372  1.9807619140115267  
-10.016555995213945  11.136486092107162  0.5989616362389072  
6.749059353162686  8.50303006727799  1.0379696265099279  
1.0719839781225815  -7.692691726836119  1.8104154821241476  
-9.057897771605258  1.3739775962315264  0.3848896921606851  
-7.351432160990527  -8.599055859161528  0.2673602710046366  
12.589310691558808  10.411808863638782  2.080383861149203  
-1.416755297188983  -1.078782077328274  0.4971841541995378  
9.813299294259373  1.2336997431757766  1.0287805510113193  
7.3311120551087505  -6.41630719715125  0.6940902704746164  
12.044477518130371  3.799082777847932  2.0252892024456832  
4.286352097394406  -14.167339784857162  0.6737061599126165  
8.42947726562221  0.8555352921823385  0.585136826766337  
-2.4366008412274525  -5.356347364823982  62.96185334273712  
-13.009087888344812  8.71314821552312  1.9802542321850685  
-8.77133537472326  -9.927586677510652  0.9247615126926928  
7.311929692339717  11.558331474544058  1.0323405430133927  
-2.493741085827864  -8.488734484628626  1.7891854629868973  
-2.9810313491791245  -11.982017132412894  24.406721585750052  
