Customers 200 
Coordinate X		 Coordinate Y 		Demand 
-11.375227867112962  -3.5002853381362  0.1692734263665685  
-1.7726161116159602  11.331057083637308  1.8025483895336056  
11.677050598901491  -12.71412124212302  1.7269591746016812  
-2.3766371339917676  13.1655594229406  0.09779225155808369  
14.846553378342954  -12.008642821636133  0.10045617868278067  
-8.920520901218506  2.19832325889379  1.8167289139305056  
11.212099735731925  3.206155055834433  2.2568736967503042  
-0.005868926353542747  8.605201928753193  1.438072157779997  
-14.056683148898491  2.334520628323716  1.794406434180931  
-11.803913380527847  2.305045752337012  1.9365327184112637  
-13.495856108906551  11.934603628323053  0.8402253578576999  
-13.515162876044633  -6.987316926049324  2.432127801273579  
7.574963222110142  3.2015451854180625  0.7583351960002158  
-10.083068789545342  -11.693583073789146  67.1312279251803  
-11.376949199518467  -12.788807367333575  1.2084148814177307  
9.517957837370822  -13.922752474512938  0.2621459173325169  
9.55102581642386  -11.958385162885884  0.2216557152450041  
7.599886445372661  5.226985769920038  13.920963111159772  
-2.647008149733484  -8.610381179442076  1.0846143472140497  
-6.636565661400812  -14.01753540302543  2.28221834133132  
4.208055652694387  3.7994453026096373  2.447094436825548  
-7.034844262390486  -1.306979699474148  0.34254335561802934  
-5.059086204174941  5.120836556095007  1.1950739983407743  
5.728944371401095  7.478437923944263  2.121934222470836  
9.279186377828388  4.313661135882754  22.272965918437613  
5.681630411705012  2.5945540633323887  0.9285804157451074  
11.837199427296099  -3.783717610828326  0.6183194993277727  
-4.907639288847346  2.8836921983985455  2.440362190370798  
10.255888261028932  14.394860896266483  1.008702609810197  
4.195450077562345  7.177126343812329  1.7268715684469602  
9.428519194618119  2.690778420422788  2.2222400365260455  
-1.2236045483332916  11.01675819681023  0.5804235734700511  
7.241914599981463  -14.416632966213337  1.31736381334869  
-5.199266208510586  2.5631984329961632  0.6345735188673784  
4.762866415772891  4.985132115596276  1.9390669068506208  
-3.2345646928253196  9.057433973343784  0.8736563898376761  
11.299429586830794  -11.41333571094055  1.1955840360192818  
13.952515755204534  2.7032712037931184  1.2618630257095156  
2.26678120913634  -7.631585982592508  18.9599623300508  
-3.7354372114314742  -7.662254759407169  2.345369719239535  
5.287328139267764  7.396529066439893  1.4405004481230046  
-11.178145963149339  4.756679187810441  1.3060364057224834  
-12.545237520615728  -1.4800667520740554  2.2771819029408618  
2.0007625833503973  -2.9374162963208352  0.5701886240982981  
4.191738532511462  10.085841063242395  0.9699353140965727  
1.0931339952076584  -11.097920742418204  0.7010000806823918  
-2.369131819529658  1.2908900143745647  2.289919881498333  
7.266320068330074  -9.039962123654547  66.11333534708572  
-10.05128210952927  11.285084084072881  1.8737420239231128  
9.003560372132306  3.5776211737120605  0.7921515149420391  
14.582498714775728  1.6457254584264653  2.1136555750883126  
-9.295598103213688  6.8614098970365625  0.010228255797747332  
5.759130924836111  -8.661462842140079  39.91468562186701  
2.6248329123254415  -8.849189497742948  0.7866508229460147  
-5.733624685146415  -3.2168497029463854  1.4531824195437437  
-6.163169046449898  -5.789079196338985  2.4266534526084405  
4.89571885114205  -12.85984963035078  2.322348922263135  
7.387009310222396  -0.981943920771311  0.22908302808477415  
-11.513301567898687  12.436868571698778  1.823210990229377  
-5.665957956552658  3.505101808341035  1.7624177058072612  
9.00235423496854  9.649107418818328  2.3495923215270595  
10.844562413046575  11.133906716091225  1.2525107679967087  
13.565497978783792  -0.6440171287915746  0.18858201511565864  
10.027226136210576  -1.338125522122379  53.21203609887328  
-9.114516220061134  13.085079150542452  2.309019812058267  
7.684614022150257  14.969972452382873  1.8549179492324104  
11.005170282506974  -1.034908466154926  40.29008978067957  
-1.3373299031002936  2.319316020134515  1.7049642522668025  
6.797758833996131  -9.19683976259822  0.8719992511578947  
-2.0226339202375527  -11.096461821427575  40.517349803239725  
5.143201082589538  -6.795931335834977  0.9718768787431622  
-11.601729779357818  -10.935882053514472  0.5784998886519421  
-6.786146162524139  2.8484981753444494  0.16070765820731525  
13.668714265476765  5.035860911971547  2.4496078271981228  
-7.200920737801551  -6.4524634239895455  1.0625184929988207  
4.0422466173002185  -8.410277312376579  1.371830907618281  
-6.901530192751618  0.1906058768258294  0.7897112699411521  
8.315051378554198  12.44015407846403  1.6059244943929376  
-0.08660740093093189  -5.795976267424113  2.389598358071807  
14.034035423771016  14.78415939688502  0.6674068339508423  
-13.333470214029154  0.6373625549899291  0.12043652179942271  
-14.93974597596443  5.839262152813298  2.3999099655075833  
-9.820882171732173  14.494808407066461  1.8479747425572661  
3.167374713656603  12.747554577693972  26.706918814367942  
1.635557539269609  1.4287031224103401  2.478531489697518  
-12.145136892017636  -5.28697724817834  59.864332663581386  
0.665093617609152  5.412452310778956  0.4696172514542929  
6.055574940089226  3.7393414514849788  0.4861882073833654  
7.970245982858128  3.509995880873266  0.08411784809337713  
0.9174471894924654  -2.1646867253850157  0.3893288279577434  
9.431681149592379  -4.64098005822537  0.17905409593274885  
-3.6610254177354733  8.055150408233327  0.2453055110495478  
2.11921243386389  12.485104702406595  0.9449336610015322  
11.438154277426197  -11.759214557186048  39.8382472805495  
0.13861432151550268  10.063988795044448  19.181809332488776  
6.634591948035933  3.8333888097343376  20.822894131626498  
-4.256059090118157  1.2491426305949034  2.462366652051438  
10.524452742394999  13.621292881492575  1.213057565247555  
-1.3549651301001404  -8.318159624117051  2.420136051203652  
14.227952345450493  5.79150634583651  0.6643423259360576  
13.939913487411033  -0.6990927090685286  2.000378344745579  
7.389058885321045  -2.8480014466037034  0.9148143451573285  
6.601719348265849  2.0693465451028885  0.2931264191220406  
-2.4928859074450713  11.891952872668384  1.3856873551418671  
-2.0500721860519437  -6.264987808195388  0.6673183092328341  
11.780047809806632  13.747172551738341  47.50948540197172  
-2.9645107589197615  5.242538902632653  0.3127307124970821  
-1.861126080543368  12.9378186745753  2.2999398829211612  
-12.630397214605916  -13.086304188792528  43.38849590141278  
-0.3468378730545769  6.745681816196171  1.8914781792004005  
-13.074192433363534  -5.9866345436725865  2.0241534649251944  
-6.012835496867607  -9.901836815263682  2.197005245715337  
-3.154929622881303  -14.181672978883027  1.224444610942431  
-2.913704529718437  10.026158584580468  2.367308548271417  
-8.226430208022553  -4.1939634123492215  1.9935450802964858  
-12.226362794055136  5.363033282048409  2.032712399873181  
-7.737143912627932  -1.919409467229551  0.5700712842451333  
-2.5638257097545143  -9.448133867877685  57.42728533252173  
-2.8379241276666853  2.653057408500512  2.4286841601919136  
-3.519566629371859  9.92816825855147  0.6417808362090096  
11.43194955766755  -10.306633108527965  1.5093703874861644  
-3.2627801768443625  -13.654757200602011  1.9311327235943618  
-7.689807867746649  -9.629051479164962  1.137549462821197  
-13.504857839914438  -14.490608766123223  57.55087449876289  
-5.741944241114435  -0.5987052725290685  0.5510232190562925  
12.34260208120918  14.892140178628136  0.7819678992245727  
-9.38230170543368  11.91565316744406  1.5747829649911413  
9.49794874179593  13.586687687271084  0.993869178356912  
-2.5899591753038376  4.771020850846909  0.6096898054635771  
9.807478040352123  6.975745847102278  0.3007534906184428  
-7.797171625651438  -10.082366767445222  1.7260437849605068  
14.090964546683661  -12.422024645972677  1.8229524417966037  
-1.52143886708798  4.941141096129574  62.185119378161644  
-6.98558083307055  -9.059804658405534  50.6687620724133  
-6.568008196662728  3.396650292477702  0.5802521652440131  
8.169751448875985  2.9425563221078157  1.3261919514601703  
-5.373118777292817  5.051826775750651  23.768710948718038  
2.541028953667503  2.3838682328694567  1.9289280895259842  
-1.5583147098923185  3.656239092366789  0.9397243908086927  
-12.962973321180414  0.21426004613920924  2.4409362087741693  
-9.266120122850571  7.354139201021059  0.07731709963984146  
7.269740406704834  4.282375229319385  0.04731036083612861  
-12.347407489712332  -5.642139738433736  2.318198400518727  
2.258563445423672  -4.035727415086567  1.169428846991038  
12.029243253459043  -6.000972870268038  2.2126317311089068  
4.23980980044302  12.54123250993478  65.2424738077747  
8.2758718503272  0.7747512665246674  7.13084606174429  
-3.7387303906465945  -13.306346372983398  0.09451011443322249  
6.220843943407061  6.506021221977328  1.7508274922318998  
11.741490830480739  -8.021778725046765  0.4578201932147105  
11.8116261698524  -6.774546079913446  0.2475989776212223  
-12.326537487615363  -9.344457577827136  2.295708738992728  
10.114308869579258  6.911606952252139  0.45663710254319617  
0.6524027991936947  -12.264565027122725  0.5935946667340133  
-6.460428653589538  -10.312962106822777  46.93016669319688  
-7.592675012847141  2.6070488185072307  1.9157245650415669  
-4.2752237589766064  -14.402709493541463  1.6258178058101924  
-10.983920353567397  -2.878981102272814  0.8900844406902222  
-0.9981212078278503  -7.411992064577487  0.36886852877521387  
-4.516447394419757  -3.50916858261599  0.1273014598389216  
10.880837321448787  0.7973480525708538  5.052791779513296  
14.862711671762487  -13.11941103099876  1.5520520136316756  
12.478216305990337  14.780897710430065  0.8841814799398531  
-11.40181342195473  -8.953632907348098  0.2504914393840432  
-0.6793336372605978  14.786267102138883  1.7290350203739635  
2.2720716780987864  10.898346011114675  0.06222118490002232  
12.452970049973484  -0.3054455074370317  1.304425045816098  
-1.5683643439437382  13.350905392290539  0.7703088775013447  
5.28033982136763  -8.254129201584785  1.0847119119953774  
-14.321369322359113  -6.672127655210057  2.367876880423102  
-0.9253427381770649  10.666106902096278  1.650815378696826  
0.6998836856674977  5.290108493010795  2.6251187442396593  
-2.4256593891222433  2.312134295320803  1.086060565791977  
-12.581140192658193  2.15261896054254  1.342855536714538  
8.607525009068368  14.452625737040023  0.004256631503243569  
4.947885270329582  -12.041617257220889  1.1733564291654046  
-11.831748809764733  -10.198316384000242  25.451814953368082  
13.520718230396628  8.17607679225739  1.2749259499477807  
9.8753365498232  -6.077534391829069  2.444382529069292  
-4.91484978627377  -11.011104690739273  1.615785886763978  
10.243633476385195  -6.882012950752777  0.6456270707864992  
2.735333952789624  14.441639913965385  58.2682967329881  
-2.3026549234573466  14.92630101183519  0.5764877386048641  
10.663515177975633  -12.186722054161411  65.67565820096726  
0.7550993808156399  1.3372299195961261  2.1736086768734726  
13.81086615551175  1.082151495605931  2.3330997643838276  
-1.6835418044543324  -7.652155452935667  0.3963503990687922  
-6.1029003485301185  13.851021227969184  2.1481672509401255  
-7.520438535192198  -5.026122128036491  1.3289344134253531  
6.008557312592991  0.5991421290244734  37.77307625700008  
1.8195812958775122  10.33425510011391  1.2429453810432172  
-12.575545056468144  -7.371449457303986  31.158617147993343  
0.5576804771788773  8.925932470652452  1.2862072971656784  
7.86097487143217  -11.428248640009075  0.7432845499019247  
-13.449838958332144  11.706232643663604  1.0890475506777402  
7.812894806501145  14.827996571813536  2.0151914275887397  
8.527493010711474  -7.900135862957357  7.843920052735505  
-0.8275644336158514  -5.204661091756005  4.618769330224353  
-9.487095375414313  11.547803003440087  1.9197261366639862  
-0.19498136239744746  -6.734351130706772  1.3993681787628722  
