Customers 250 
Coordinate X		 Coordinate Y 		Demand 
-14.352804289353582  10.878316227049122  1.0651551973576014  
-6.135870446597384  -14.438867105735936  2.0468969916444264  
-0.9196015947268492  13.274400320920368  0.9693135759917795  
10.373174946395018  10.328949407957897  0.16684942482142834  
-5.006594971429692  -3.911632191633272  2.3500247072400255  
7.502615528682888  5.673599011123546  1.523344737141993  
-7.355708969753381  -4.679190059567496  0.9874004730787173  
0.6384988992473613  -14.329464426487569  0.17969141534631194  
14.828639892337488  -6.509270302163701  2.2185667318918973  
5.036963506083502  7.248455243591568  2.0151672849940843  
-4.3992925489372965  -3.4554446912764245  0.7093657544022423  
-5.136542077246961  -0.2872416166466891  0.9674399383844645  
2.8865593906183875  -12.140720116035958  1.8515770520520072  
6.32314955412836  -12.718908157089025  42.69854633769745  
-6.237392254165718  5.550643018490309  1.084485603079301  
11.40595626373024  9.591913407276447  0.3960034128941803  
7.672993373023257  -3.2026867657229108  0.5646248144676291  
6.2696381030992825  12.647020806509598  0.6446439116913336  
0.3592520723772026  10.391994042497291  0.7325226475940674  
-14.215610882391262  -9.851028748101017  0.2317304130819106  
-1.2243085718138964  6.230398418856996  2.4502795682320637  
-6.737632920289112  2.69434215950805  51.505780615553974  
4.763928343692399  7.949024974964264  28.93069045559877  
-8.104404463910797  9.78376282354252  2.253851898718028  
12.76001768961866  12.42267592586801  1.4285419699272568  
1.925677584330419  -2.890348615898411  43.77331251555961  
4.307609302687894  7.3326570656618415  0.1025076554752663  
-4.931242222754527  -10.917392361111498  2.4626264949281507  
-0.34942350633262187  5.5165897930052985  0.9554767978405287  
5.219172688040565  -5.942618485189005  0.5619651611310827  
14.178547713319826  12.31077696307931  2.418137974808816  
-8.044774136084975  -2.7806271100522366  2.1331883930516438  
14.998780288961814  -0.4039377809227247  2.1400495232276664  
-9.12947967478761  3.592584593468196  58.63808785592126  
10.407816150157835  -2.241881902256539  1.9902235353616224  
12.254293948950476  -8.870024443197742  1.9650990087808338  
-7.463647131685603  4.273098762264034  1.5191663454901236  
-2.855809776695521  1.3471495782102458  1.4304454302941152  
0.9407732814637821  -14.870403990216307  1.1812033944063165  
-2.7250976642058653  2.4603157216957925  0.5776014103790141  
12.414767252519361  12.797838653684085  2.2409166295585887  
2.9461291167192947  7.489458718138366  2.100847186643185  
-0.205520778956922  -8.042931660038343  0.9125224588782508  
-9.666718081818026  7.28765561310593  31.335143145129365  
0.03062917840430046  -8.307965196432527  2.406018881696466  
-12.735625978800684  5.957479487915695  1.8745831025358914  
9.30103737360944  -9.630460175749509  1.1789290138564334  
-6.013462760819049  3.615426721921061  2.111211196193746  
10.436988980293176  6.90597802866759  1.8174700215794002  
-7.054399336963506  -11.034701882726061  0.47075000603078093  
-4.563116439217119  9.636801339610116  0.5959752213576117  
-10.89783518320167  11.641483988703165  1.6663475380683574  
3.3405972875826073  -8.501145451441964  0.8883972987250371  
-0.19238466676046606  -8.21691757802899  36.05707632911263  
-8.761994783120187  7.736509035928908  1.2307210551047763  
10.76350919485471  11.799788510090565  20.33078626640072  
-6.314906413922017  9.842542785784932  0.458113691463346  
12.087774743957137  12.790494723319476  0.5132310530152149  
13.301102947953183  6.944696625091815  2.465640833079782  
-3.9888426103270955  -14.424463130748482  1.8999402311533546  
-7.179862298626841  13.348847011183036  1.266376322786209  
-14.77264577275777  13.80352915178278  0.0589143464085401  
-13.62931471013142  -1.550267773436806  6.318222162859126  
-11.57972849093466  14.093718538442982  0.7215281157227482  
-4.743527195114513  2.7201702930472855  1.8358480607143446  
-3.0081560639277924  -14.325203196031884  0.3272134623451392  
-8.987893276299939  -9.010295206182645  2.2588361198259523  
-5.486145597280691  -0.5188827765887787  1.6085316262704095  
-3.993069105100396  11.723619821119762  1.012762135543501  
-12.07281197670793  4.167239307000578  1.802740365323732  
9.3705375490574  8.513253309144545  2.3991387334591012  
-12.988038915527092  14.001749220594274  1.3511849215181182  
-6.4866266234547805  -12.51144310114986  39.59369549410308  
-13.848038342420017  -8.898711104810534  1.5728406170594047  
-5.984126561545567  -8.136168629242523  2.263905109227728  
9.916838715640505  1.965735881399862  0.423334879181477  
-6.840433035773712  2.3275793104715667  0.043111818670543145  
-8.514519711500277  5.775460470354542  1.0757776944004758  
4.873584002166137  9.48741097199461  1.9333948958158633  
10.434010572089562  -10.588383781470938  1.184727229662862  
-3.6299950352145736  2.0809425448971197  2.2876915393702553  
13.911853454097997  1.66038078671291  1.319620459166405  
9.24149566970879  12.163621225789147  1.6839887989586921  
12.729293042715302  6.5620980897237295  1.6789952549321951  
-9.705345504611854  5.984419205884581  0.6107529567328787  
11.379969943519043  -6.633742780981978  1.8218333887512657  
-10.107483288947238  -13.239672824695555  44.01436554340644  
-11.478246070542271  8.053241029897833  1.2773517790271454  
13.079651764351343  -6.939404956152353  1.623460581256625  
11.939424819955054  -11.116214109566464  2.019570256671482  
-13.73670700182036  14.01164399687  0.12579444995145073  
9.51260646092554  -14.062913398610753  1.9179844687992118  
9.723929098144492  0.03360227986572362  0.326803100371382  
-14.787618178072565  2.0984917840670576  1.4006709836610642  
-6.27119185845382  5.31938994797931  0.6333487003410349  
6.65003969017916  -9.542284524787771  1.191154053750204  
3.5217801965686704  -4.2327068723811365  0.2596794491159246  
-11.798627292479347  10.578511790517396  2.105361081894337  
5.962918837240981  3.5779764957276683  47.390167898119586  
-8.77001271167031  13.600748007116913  1.019995595344285  
-1.9086357133343128  -2.7731534157922013  0.8051892387988999  
0.4330355532256185  -6.364188919813717  0.24865508932003344  
5.384822072072549  13.022736296242165  0.481824975839924  
2.8328358515408425  -9.58371549134035  0.6870231224452478  
14.989148057770219  -8.0361854751706  0.4051248055552223  
3.4377913368402133  5.660840623464189  2.213462224593855  
6.691470950395168  3.1016879075167907  2.3268496828879  
9.09606847460293  -6.8847248449995195  0.4563372417235473  
11.910281130873997  12.124607771859786  1.9326675796333428  
-10.434544995369095  -0.2693701761799989  2.1643959203636824  
-11.524081197412517  11.37073880027457  27.501323432692345  
12.32284515570083  2.9393353991643174  2.04153592792405  
-3.525085326448984  14.982415209305163  41.10012150664517  
5.136785269586422  -13.5096841715836  55.74588895359778  
-2.0683979194975137  0.4123255492696227  2.4662714055279022  
-12.073478403002163  -5.19600808290104  2.1693283263564447  
-9.399546003770327  4.992564659799658  1.7638428537562656  
2.9309755994550173  3.3081146571516555  0.21939364846173148  
-6.357432372175678  -6.22250946552305  2.223557813152215  
-0.2888924813774558  -10.28462504673355  0.488851884257982  
10.459749823677537  -7.628681851924618  1.5398901155169935  
-0.9909236637184247  -1.296275908156069  0.2753313701829904  
11.459627114490747  -4.048602389138541  0.7402984694838294  
-3.012339760772285  -0.03966193221259395  17.609340424648266  
-12.974774664027588  13.19810490366596  2.0411878530020884  
8.873358452763167  7.050169277911664  0.7936832112550309  
8.462456740092094  11.342285629139212  2.362592827378091  
-1.473384018187133  2.070021601909737  0.2876073713935673  
2.198944119860194  -13.958805438464836  1.9254106325911768  
-12.037385748442698  -1.450918572699024  9.818452010265048  
0.007632594997767583  -2.7061422041258805  15.076336067046213  
-11.6539431068463  12.556852932761828  0.20095235614501605  
-14.471388345575159  -9.893194133235154  1.840063088919254  
1.4833943369905995  -10.52058166016053  0.7364785345592642  
-5.137399885411657  6.12110888456678  16.13367153387879  
-11.664078847086794  11.424982846837942  1.4128103880928733  
-3.4904831869245037  -10.088348446145568  2.4025977848478686  
8.577184658963997  7.719618025837082  1.2273902337058284  
13.425587237842244  -8.830409925781833  54.3152225573515  
-7.281855226953823  -1.545839062057773  1.4238248526295192  
-2.527587288701449  11.478923200428078  1.838736162821388  
-4.176483299985435  -11.456807193991205  0.15181747168702936  
-5.968551470215825  11.898114321094454  0.7233451935207635  
-10.657256642358524  -12.742954664274372  1.872734990669709  
2.057326841890813  5.057713149623066  2.0289926434876904  
-4.920979136182348  5.687760982992764  2.4971400710316685  
-7.656548332816358  12.984893099478967  0.35051920574656087  
-7.18016774141971  12.109955034960102  1.8656149537622293  
14.273321731828513  9.365871936537495  1.7134015921865182  
0.6524107716715015  12.697512284667766  0.8092058207605726  
-1.1690006415364653  2.457115910799523  1.3016923230433577  
14.487581327214102  12.55705476726634  0.6508157410390514  
13.144180416269084  2.3563059126030907  0.6044477679783838  
10.815411207457021  9.539118478658303  1.1338740288774813  
-10.666712631628855  13.843964738021477  1.529471190198942  
14.216110744067635  0.7879815795092  0.8896104836632684  
-2.059963824298972  -6.4932882848782505  0.6581998268056553  
-1.3503803472109581  -10.508928052813896  0.17926231991322733  
13.70890378831212  -12.646933648966945  2.4405641537949556  
-0.9526794495081017  -13.211096492388263  1.2725424621029178  
-11.005059051693499  12.632745123274415  0.7536467484006459  
7.229308341398863  11.306467644969974  2.4486963608735515  
7.571363517377129  5.070384474679553  1.37296947462309  
13.67066304648149  6.267023533315651  2.231476694421004  
-0.8896354055731095  10.224633017781368  1.0302373918316903  
-5.859840990361372  -8.350776253691869  1.0943629067460154  
2.1105786246134493  -4.816455109593404  1.8563663055234563  
7.7348448671285155  -3.651487045848633  0.9973544809088253  
-9.455360011201492  14.30721659779094  0.6336236080955782  
10.333940401391196  12.803734052303085  1.2416658489163535  
-2.9997289254533133  0.22860129462200263  0.40570927283544556  
14.9954750544846  14.04988735414545  2.2536508491832477  
12.588338070821589  -11.176561404510611  0.1196058853015225  
8.319121151310782  -9.342035548312918  2.034285359626507  
-8.608684924540318  4.360239455084688  1.098025786017862  
-0.7013562978707935  2.5228182462253805  0.6355354771679222  
-5.274414853679305  8.541261747939167  2.2662826254072943  
14.687418269911788  7.959980247720431  1.1499403373653174  
7.991027155339541  -5.354585028545191  1.6824168018699361  
12.400442571832503  -9.92761626091701  1.3247365537913571  
-9.618683147138967  -14.51597007446615  0.044401990799794455  
-8.023712734523905  7.8479175386903535  0.5368537247834881  
5.22838541354707  1.3804329101496542  67.29942615950256  
-11.377578799692294  -13.05124557129959  2.4901077822928013  
-13.745530540827108  11.88426319989044  0.4959175314394032  
4.867346526704008  2.653387252622103  2.1209212392999124  
-7.4948102053682  12.431462384465256  1.7766192084943753  
1.3429818488142082  14.912316526195323  24.086139920722836  
12.237104698888206  14.660891098010026  0.7707464563545718  
-14.279262022234356  2.978318318207375  61.019875929337566  
3.533157796357088  -13.401512355414265  1.5998491217223592  
6.324709048780431  14.572237362886149  1.4237269112659556  
-3.0805200149877106  -3.580073498601701  0.07173123866535902  
14.445431381827543  12.045239748432696  1.0103983128602787  
2.756962540975305  11.002700818380912  2.394413759982024  
-13.122360221583198  5.498462320223599  0.7702567787793981  
13.681051264637961  7.978572367036463  35.4544690700873  
-12.29454044743831  10.320998284146462  15.870478595294315  
9.86320046926026  -12.502672861221908  0.5818999977646871  
5.85847136459239  4.1071527958377025  1.5505763273388782  
2.367410525558835  -12.587231353722892  0.8553553180817164  
12.462092743781366  5.413912715151707  0.30569373909593134  
7.3753054211032705  3.1018922689569948  0.11323752848412055  
-0.49429803092547075  14.3195591707299  0.5772816118289481  
1.5531680130655694  -9.371823951096005  1.2278033084651052  
8.851954675895502  12.24436867862076  1.792905840926776  
6.334392785901208  -10.54007654477665  1.811121277706319  
-11.889282706305977  -14.005665187419442  1.0532616945037474  
6.390766863467075  -11.54540178302248  1.1533695601804173  
7.40106969386283  8.488850582070455  2.473806991438648  
-14.933954430840092  6.320089201426949  1.745637010209828  
-1.4751968356491965  -3.866714025728733  0.43218787006502946  
7.045234848202476  -4.736160597260476  1.0610551592628976  
-14.425147543965828  0.2974068511018597  1.4577844717209734  
-13.966964106692425  -5.959220970453954  2.39309011225018  
13.502107910223835  7.86055647003484  5.76728440935295  
12.714878369444438  4.111002344443172  1.6748214707284972  
8.664032777808067  3.2845576661185945  2.4345593047066507  
-4.226014714520339  0.11811729146788785  0.3280374558961824  
-7.121465801899793  2.175253611238137  0.8003293770208347  
-13.762091798124786  13.399219858102775  2.315973364666487  
0.006518088791336751  13.793638258983819  0.36768322268260073  
12.927961740618315  -5.262585615273421  1.6985223268115988  
11.586569039002661  -12.522490186137766  2.035041719725419  
4.285007038919208  10.067829756412586  5.480141279610818  
-4.45480716708764  -14.565421112797027  0.6587381534220171  
-10.654987557700618  10.348060066064082  1.7345126203732026  
-10.493944680123061  -8.132017663628403  0.054593788157066  
-1.8621676385730552  14.303979013237171  1.3740936528209873  
-2.278340047612417  5.895123050254192  55.74467419025655  
-10.71735958856862  -9.738151195469435  2.039541914969707  
-11.849102962770793  -6.779209522580059  2.323510204091264  
-9.946542912497952  -9.222324274380908  1.3566841600046469  
13.705910373944086  -0.9745149343464927  1.891241813947118  
11.688208319020159  -8.725255002766321  1.9155540371544844  
9.191703373614235  12.029890456910234  0.22979680142410225  
0.21474867402346298  1.4002676391491597  1.2100932752809133  
-7.038059162616936  -12.8035612653897  0.3936485295798728  
0.567291591223567  5.312086036080046  2.470950466726261  
-0.18562994764761243  -7.971114031247932  1.1153511975792163  
-0.7333162358634713  14.60636712974949  0.8152043798150993  
9.14930240860835  -1.0691443507811869  1.9992238614284785  
-1.5620417685630787  -14.902775656903938  61.760229585699605  
-10.085400911937487  -6.415721794887496  0.902076824172229  
11.43860396864828  -13.84079099269315  1.2868106098919823  
11.360587500229517  -3.191334351456817  0.7373083530596131  
7.870993464320151  -1.1563990017468875  0.716496866848006  
-13.871644184576349  -5.1378453183918555  1.063699876765589  
-6.747596829921907  -13.520554164977936  25.645608447156203  
-0.3051430356384728  -9.354732636726641  0.4452377133067656  
