Customers 250 
Coordinate X		 Coordinate Y 		Demand 
-14.411927811974028  2.7776174687215125  1.5905572858556982  
-1.7968589372489419  9.674332217286704  2.0732090734419035  
13.96858003197007  10.524155663716488  0.49346255465737704  
-12.30627306025954  -0.7290249956862009  1.9995459762371852  
1.5587407346559061  -13.055293690535446  2.339796544848272  
-7.708752035080909  5.55025584940288  2.47241537609822  
4.257974534920255  -14.611834285879297  1.4744896588747534  
-6.875625616253222  6.092296969032763  0.6089405330519646  
-0.040117553669723804  5.253864801452362  1.6936976592297546  
0.5785244668696592  -0.7273616675203556  1.7186739049169188  
-0.4957698257499228  -0.9649042259055154  14.892738620076294  
2.2372930723875903  -11.834189328795324  1.2775432117331427  
-6.526947605121304  13.932335742022659  48.76208489687161  
-7.414040290282903  0.4053231775496702  2.019747832036256  
11.041807996905366  10.184614862304574  1.2482679688616927  
-10.56197312185731  4.8985161768893875  1.5870591462294534  
4.596527279988003  -14.23254391565376  1.0144695522778213  
9.545714977992336  13.794705923336338  1.7999769987575567  
1.327888639740788  -5.394163941650138  1.3459408257156225  
13.355350038897715  5.605059956723412  1.2401966207687474  
10.513160592536128  12.950590948438705  0.3102804248912941  
-13.631403732421944  2.8726509580800723  0.9588380173299399  
-7.303049977431828  6.066718272787661  0.06417144837916472  
2.0704528958019175  -14.708885199165284  1.249891546208538  
-5.518315318626454  14.882002759045797  1.8632925778258285  
-1.1150387040046041  -13.329650217394635  0.5533327539942698  
-9.861215990215916  -0.25559450903347525  2.4059997683662573  
1.119566655584503  11.647710227453693  0.677359619153845  
-1.248561063567502  -4.063340242766614  2.262731998767364  
-8.640943291788691  -14.456890684759736  0.6542047276250451  
3.099948240780602  3.096502373078554  0.2680939095854762  
-0.7299721521180818  -11.743510531143482  2.168976890273939  
14.000544875283836  -1.809016337835402  0.877568800236726  
-10.723193734913583  10.60608342611587  5.800769124111291  
1.3086546937611807  -10.806708648668282  2.1158144221113457  
7.069773760396696  9.005910245482145  0.041988536927026476  
-9.702485948455863  4.1105291069893894  2.368495541545065  
2.407022521820938  -8.119057887089507  2.080857680329026  
-0.3769003231725758  7.51088116595853  65.23868082049874  
13.17028338052009  -1.281620283026058  2.1690453744315867  
14.586293926033765  14.198607142304464  2.061233554822882  
-6.863932746133038  -9.846526822862224  1.2563753466998226  
-13.09677078863356  -12.814700866481093  1.9277190474418866  
13.422949761821105  4.98832785697687  52.58310243327222  
9.694752818272875  14.60584230186495  0.4311671447374735  
-14.924057027568988  -12.457871752597999  2.0669731722061164  
13.905938690151693  7.727516195143824  0.550256384559241  
7.748890744441951  -13.768778289618101  1.3519439305849361  
-10.133401202585155  -0.2993307344819147  0.44930623931880215  
-3.0541770943583053  -8.222500037907132  1.0793336012919563  
5.20371552733668  2.1994130148642235  0.7295512146176109  
9.78220272326563  10.943509580664045  2.0745404215413097  
-12.183256535029463  4.600763531423482  1.5395771379912058  
-3.272979437030436  -10.80726007723123  0.16156978353856322  
0.12671653019695128  -12.149321589154138  0.9218713857221426  
-5.713356170706801  13.173511464085696  2.245562007530304  
-1.6899065815177607  12.665413920669618  1.3974411146670784  
11.091394636068191  1.4249167476762459  43.27346331625783  
-2.271717995722767  -0.7833475870119369  2.4154520479876926  
7.345759264723533  -10.796759691936767  1.241723761491865  
13.263784371814324  -7.051169567718646  1.9198413415638147  
-14.896806517132568  -9.172696279912973  32.032229056104526  
-9.22611094936476  8.677102994532937  0.9098570240990913  
4.3264440978698  -9.558836742088808  0.5777574730241469  
13.372857708543116  -7.3856096456549745  0.4964780406117522  
7.194334054018299  -10.407388098810664  1.0302034810421192  
-6.2464579564745435  -0.5240641928672076  43.93968519079203  
0.6159428473603654  -12.474097778588302  64.92793298899376  
-8.740636401290608  -0.6901811685450863  0.41241143404473657  
14.413122190729297  -12.412843585924593  0.5575473992768903  
-10.082400382029416  -3.798147657922433  38.826276612523614  
10.1322856321068  10.640867716238816  1.675282338899048  
-8.855090322086028  8.503313499730105  1.6119932951107139  
12.946406023849882  13.895962827865254  1.4062454622121778  
-7.663959821122564  7.7299352835276025  64.0005249528529  
-3.391836654269527  11.039834717417182  1.1874643747695488  
0.046646124542304435  10.780600001874067  17.542101198473087  
-11.084827914550068  7.0788080540311995  1.120259567260624  
-6.018835632924613  -12.37582486465093  2.0792643065184575  
2.6482389497213568  -1.2165473182946815  2.487708346481319  
5.496683782356747  4.102926205386591  0.5488503658084215  
4.443573627576598  -0.8627991041762488  0.9564661563616184  
1.8337351528295507  7.000938345069457  0.3003519888102721  
-8.440101314874802  -8.31330600426555  2.152396874021358  
-5.215043272155125  -13.974000629240987  0.9052610650398424  
14.001398524263358  -1.807700207892701  1.9244665436117487  
-9.987444219653803  -5.146635815539668  0.07910069373674916  
-13.04256372628105  0.4772410714203872  1.736353082862466  
0.7255165418310092  0.8798526350902414  1.8407506018102375  
-13.980020337482307  4.8737675320881415  0.2502251026138319  
-3.07251555431675  -9.163291955376636  0.06804268960877963  
-14.860320280076376  5.1648109710612715  0.29214298892681095  
-1.0537334445046245  -13.09034287210492  0.7015811253614777  
14.78153150551583  -2.580436388512844  1.0135356301942111  
-8.544112727312166  -4.485384277122215  1.4737387362435368  
-14.758946215585539  -2.378587131744524  0.6882055849432436  
1.7021331650745388  8.377463849368201  1.1647842472990169  
-12.41806370266645  -9.513325993360354  1.2093160168734687  
3.1425284693737296  3.0663401008375715  1.0130922838111873  
2.1560765648065505  -14.627448020797889  0.9758120996880271  
3.2116748857952864  -12.375111948403433  1.5313897011517694  
-7.833041324941792  2.672779931144319  0.9827309446937926  
-8.577102111743766  -8.545108950535711  31.476986540909724  
-12.762700652369965  1.5993618594733263  2.054852101802545  
1.5171298155942559  2.0967323229241863  0.8809810374300862  
9.44190455801876  7.748861328230447  1.7881425565236335  
8.86997621416177  5.056125043100614  1.054281054278102  
1.7666787792414311  -13.648321746213984  0.3884487764944264  
-8.132104079312093  -8.674459894675202  1.8375803844650551  
-13.545288426359097  4.602740239743834  0.22188952524804434  
13.464436661925177  14.748773364897527  0.4570574258822893  
-1.799607691975476  3.9720547222903804  2.0164018291266133  
6.627457330520354  -1.1229053795506  1.1968609152981602  
4.652481972280874  10.893560251955439  1.2788940944363092  
4.888286983770826  -9.534595343195788  1.1122986087709539  
4.18708371035315  1.730705514743196  1.6174585186085555  
6.703740325317714  4.256851357925552  2.1646873745238793  
-11.588551133176338  -4.58279552311566  2.2830970718604204  
-10.158054248592798  -8.7956712568394  1.1548174893156768  
4.359552781913283  -5.32860530845376  0.37041291372180235  
-0.49709047843249543  -10.22269118022584  1.9569850189878015  
-11.159615485774923  4.182649163408499  1.2417214277901967  
1.3847585007704808  -12.497565648182226  0.1805446085604412  
14.899879136100537  1.6682609863313367  1.3640333910064284  
8.406602690801215  -12.613684937747779  1.0109363204144555  
7.857440580713732  -14.800741026866284  0.8733635481160229  
7.298948151481586  1.3689654266520392  1.6071394606043952  
5.877983462254388  -12.306424495634523  1.305817983052823  
-1.2273977999767478  0.4563151760220574  0.05750626815517523  
7.540432684111039  -13.024986137263149  2.0599127942250086  
-7.522992028838753  8.6802384901642  1.0209294318423976  
-13.63637219164897  7.296444550234103  2.279578042860125  
-14.541056702696283  -4.465466330323181  1.3052952476011601  
-0.24944620943273144  -4.274321027828222  0.47229923924541006  
-9.667473420715655  9.035291444915146  1.760177032989145  
-2.6881475705367137  -5.707556049760004  2.301850093876147  
6.871461254191768  9.05409466234866  2.485720406957864  
-8.970464535305684  -3.7050916454762426  0.12006941302124652  
-11.765542715968387  8.072474766151132  41.3984897616669  
-2.7781487863556933  -7.3358090955119435  26.79094748150625  
10.534774459223097  -5.993919891082973  0.009525121225221755  
7.770235291905546  1.7852872413781746  0.07479026070808387  
-8.035185458702536  -12.753023631560433  0.9816707782334722  
-14.430718561595844  3.6728580625217937  1.151968354910511  
-4.813293631751982  -8.427472377561072  67.5969512585883  
6.660673942291627  6.900312173151271  0.6172812963635266  
-5.800180782956538  -3.930710689470663  1.458116219349531  
-10.987983872076313  4.180621999401865  1.367812367035053  
4.396143852888493  12.720359176621987  0.8452307912456667  
-14.598502487366197  -0.0026889939603371715  0.05867452312404098  
12.01447454808665  -8.19539040205709  1.5692491685988257  
-14.630671941347696  1.184048103883402  1.1127840058554836  
-13.295665147149393  4.756255664007167  1.3424277206400368  
8.69688682774417  -11.14870815676479  0.985303144422936  
-1.5894202696373494  11.633179058967212  0.43350022759483825  
-9.625484081391825  -12.441585662616182  1.8722056869357886  
-12.710380702877845  7.842463228263927  0.14591168612316963  
14.518900066570374  -4.870256534335605  2.1774174830011295  
2.8681862755641347  2.271560106515569  0.38372912384510127  
-7.799032073484781  -5.987026806811301  1.677985797918097  
-3.8443953065563345  6.473538746672531  0.8071824468165898  
-14.35474614603452  2.578357981470475  2.4517300634881014  
-4.0795169454426325  12.054849314900768  0.7047886511558978  
-11.238342230123887  12.257150738308816  2.256827662068493  
7.842772304455547  0.9140342392761696  0.8340127020816435  
-8.529460534638398  -6.082296366084343  0.17778782826982753  
2.7521294735921806  10.479833611315218  1.1074169773263463  
-7.217915738630216  14.37768296150562  2.4772660542049634  
7.663523521770308  13.597115510837039  1.1262547202283602  
-4.909118926612653  1.4508265335486001  2.2181733306623848  
-9.178984450849354  10.209073212281673  1.1884578162176853  
-10.353355344710526  -6.573312584171559  1.8455321444507025  
-10.539336467756542  -14.515878045363618  55.50193595178339  
10.662027319249738  6.381794502164883  1.0425333966486636  
6.503468774484652  -3.4640647785619123  2.1274091161235598  
13.018447658991729  10.220676637668568  0.30024640415148546  
-10.110674370795735  -2.6149380698169757  60.4259772455459  
-3.969115968009767  1.845176546555333  1.2654362423801113  
5.762891461070936  9.310553078223371  1.8692994635038915  
-6.767438554509562  -8.64949403374464  0.5559399396183945  
4.222327004432358  -8.759955614617338  1.7442857080819367  
5.640479378435575  -5.353537791126872  1.8580567680467375  
-6.15816138673274  2.326728621270231  0.04389285400813958  
-6.537296850798782  13.402260904495023  1.7454034900113944  
8.678964738059403  -3.6383481359314516  0.4258817339382062  
-11.2916267097334  -9.286587923559559  9.932672392453544  
8.97753521858274  5.169775648918172  1.37122158864408  
8.661359339517276  8.389078880251482  18.504663053968642  
14.277253103982908  5.638245287644509  0.29953139850532773  
-2.32150201932269  9.258356214800866  2.3070913505672044  
-4.85917352844281  2.5252917893188283  1.3034471647069417  
2.2733524478839513  -14.60608810992563  1.4939948316711207  
-12.790407867491538  -3.3017858545970817  1.0038705481935237  
11.946438267803615  -9.348581157171802  34.66438990227514  
-1.2014316926757633  -4.051123214955362  0.1530494036127758  
-14.277161827295194  3.423224437438801  1.3747397831461101  
10.741875700364737  -6.964844670288823  1.7374459329479521  
-8.141845389351955  3.0046886959068466  0.2863767680188284  
14.699457127271131  -6.903219571605611  1.9573435362392744  
5.673741238154129  0.4716310123277605  1.20898451451288  
13.63604250085265  0.0939964858034088  1.0851465753514011  
-2.0178670122361257  12.46732412483043  1.9967461984805335  
5.683291787755341  -0.5825035358327462  1.8293257859411423  
-5.936367587377772  3.7974684182914373  2.315041482443996  
10.096053577357054  11.31805158271942  0.9559629016566945  
0.6549797236094275  12.231593153935993  19.512578023155214  
-8.486321642803514  -2.695715197970836  0.5448466483026024  
5.911039857753622  -13.590691912115977  1.5589690356025934  
-3.7626801104500363  9.157019210709475  25.610352167031337  
-5.199544325362833  -14.750142784346894  1.7403119376064413  
11.734170265468926  -12.291359409582618  0.11611240779413085  
-10.103803180265169  14.76340369261225  1.5887174142731273  
-1.920443110008847  6.035913993856049  1.4292657389489696  
-14.978059389096593  -14.337514626059807  2.0737460578011753  
7.547844963181973  -10.78530884699742  1.6015151334772857  
6.7152308037324  12.672078294226615  2.36710308468523  
-13.936918019137115  -9.715061506012788  0.46866949801424806  
5.968340533691489  -6.063290458073201  1.7877454573450422  
-2.2796808974953855  9.574539786689055  39.22690431581166  
10.207787302441226  -3.576952315406036  0.2536110913809858  
1.088549709938114  2.03028957091146  1.0598390129430229  
12.973430553073598  10.716420023209412  2.054423493626587  
-6.493797983982766  4.704538316242214  2.2925025712619576  
-13.741908121460746  -13.890318074191722  0.8850254089991796  
-2.9198781999442573  -5.954095213090621  2.195147981987558  
-12.031363768862295  14.382890871482342  2.203693349829502  
-2.4010145180664004  -9.857493042511038  0.4428605187969717  
14.469449036426642  -1.8277960270474907  2.104887759137802  
-14.927923294031274  2.5661468438254396  1.1555186815201686  
5.669250485153146  7.326452279344728  0.020890625657894457  
12.104370446245383  -10.03411929802881  2.170858081640199  
-2.3878196580590263  14.149824708959237  20.624748073694274  
13.818854898768858  13.059421358894078  1.2274782990471647  
5.034091638610306  -14.070908108627115  1.4682243838265872  
10.5370340545505  -11.82919877796714  1.6847453706942848  
3.8449979902524234  0.6438195324707578  1.6364603860794722  
1.9285454658237882  -14.037261515381246  1.0315432516699274  
0.9985952440596595  -0.7420017710144062  1.0800559631377493  
8.840830958594879  -12.487855761943125  1.0608270397191486  
6.709817174700163  -4.508464006620054  1.2177637001869626  
6.519803073872673  -2.6227948148236617  1.711931732136987  
1.481343030511347  11.470041980271471  1.7820059120464318  
10.432433591393618  10.804482124334314  34.138825666579194  
-2.0999938610171203  5.1513456635795976  0.12741532848757897  
13.402212059086928  -0.27553998423009674  21.825235001096956  
4.664035904435334  2.927190907947395  0.3838892476059752  
-9.731591494795074  -0.316012211463649  0.06615213495745925  
7.802072348081499  -1.7014711564681395  0.3936089471088852  
13.780077304010923  -2.635956077075095  1.0646331247310956  
1.5448946875905882  -4.977132460337836  67.90774742649303  
