Customers 150 
Coordinate X		 Coordinate Y 		Demand 
14.327359453216609  -5.608773882107441  1.2224809842404507  
15.280923519522538  0.9754169409920337  1.6122151720795828  
18.74842291027452  -7.658929120927031  0.2055502166368084  
15.730007290191708  -11.0816937710633  0.37691641241679785  
-8.3209150973385  0.8804677432855392  0.6677721939123351  
11.54737040367867  -9.328373136102876  1.75313629707982  
10.219814944772363  19.618132672819392  1.1330464307112824  
13.814304745493232  9.108841899185357  2.059946081461738  
-19.04622978833354  8.273944344671623  12.289513652736145  
-16.99880382490083  -2.2123571780626072  1.0917726225500437  
-1.619177401338657  -6.634766727057556  0.795523457928704  
18.49163907670104  -17.27953871634403  56.420724636560976  
11.352080630656282  -3.8056657872398816  2.385909290434209  
3.997670164878457  13.961880559401806  2.382966197521104  
5.786135697164369  11.668667028622018  1.1001411036997704  
-17.852642943982936  1.5441905353532128  0.8049072570969246  
1.9483134980382104  -2.5154220195514156  33.66993646760072  
-18.473992932180813  -19.707663866069858  1.8398042743914857  
14.574152129240836  3.2062075043061533  44.37659678579619  
-10.547763175762048  -1.9504901692632473  1.7980831882857955  
14.118371898415816  18.770623295629562  2.1784534226922343  
13.77015412102648  -8.155357357133042  1.1695235515764735  
17.410586015768203  11.950476129227084  1.104282334218969  
-13.06109336366247  -13.46696559193938  1.3155267404644309  
5.9989948982685135  -5.694580093892467  15.189167424130567  
-4.299163277387134  0.44137982041739576  1.5332421268642928  
-19.536678720681753  5.153559023853372  0.299569275545917  
9.609508487103486  12.548444453201  0.6810018671827986  
-11.021764283576596  -6.905840505815114  1.419749956534473  
11.698842522958191  -4.26737332916154  0.6795195526347062  
18.408513297737244  -15.387119354048462  1.5743546930732895  
4.574615855548039  -9.382328716447162  2.328304585463791  
6.217189915481743  19.300776652194166  36.04993805594333  
15.209572300730542  4.547772336850105  2.0017454586013486  
1.467943111878192  -18.78168213502  2.3547360557243873  
-8.276600690394913  10.223324630810975  0.9143157589071902  
-6.797026683823013  -14.064315525090297  2.2601012600585997  
15.428819774718868  8.528567619896037  1.7693555313584604  
14.477619121090484  -7.219426163675248  0.6664937340722638  
-18.57495794272378  10.082375625773775  0.730881023393839  
-19.667045894987222  1.8247790415093519  0.22519257490211858  
-8.980175839108835  0.04343831190304215  0.7828763967274897  
7.987635505186809  5.140792899913723  1.6851550757861946  
-10.738593661704577  0.7010904187743527  0.665519922926129  
17.530226916228564  -8.140326253955962  1.6028177046322019  
-9.138448930782088  -3.6169655894816266  1.7027983804487294  
-18.606728422343473  -3.438566509466355  42.38653445120346  
7.7909491661962775  15.21120758120535  0.4609622998274021  
0.8903434912309578  -9.47080165486771  0.6285719371531828  
1.8282383971172322  -7.7629576620613605  0.8022758678212207  
-1.9026545188294754  -14.601616139335096  1.9987150619730567  
-4.6561122811951705  8.487373891275183  2.0235132990312215  
-18.640710515322073  8.732143351370173  0.7062682281914662  
3.600189040105171  -9.547760400272365  0.39365669652768387  
12.703819543168564  -18.945665377074082  0.1525739790914843  
-18.151381748539826  4.545824496904238  2.030246371787613  
15.442716655935762  13.87125364675861  1.1288999545668796  
-9.494193454650826  11.071801122343132  0.6788389993961041  
10.24265282118077  18.21339410503564  1.235682467054663  
-8.3106230899431  -7.7756868817977285  2.0850244464243466  
17.946418226956666  3.228470422078363  0.41093128038212773  
-19.605108112458627  18.65585577925652  2.2734564842998974  
-2.574096479907734  14.356961716478395  1.4447486433322507  
3.595162411465452  -10.856703240124608  0.17334891226066795  
-3.251943354703105  -9.37857170325322  2.481916272343891  
-9.456820984650008  -12.116704808172209  19.65815728089641  
-14.06491424830072  -9.439156468359617  1.639502832236471  
7.559895855402829  13.948363906703328  2.166037366622516  
9.600146434484444  6.341198380436538  1.991445516243318  
0.588132712283425  7.43482616226245  1.2841167955209967  
-12.260230390302471  -4.426377095583645  23.38293117729295  
18.793840019495384  -13.166081578960878  2.121728765228266  
-17.03572247140165  10.371281150758055  2.4754212590507443  
2.4959804597608652  2.1572825338811796  1.6513648521597717  
2.447436183008506  -6.823719548154745  0.4526010780465453  
-11.293734677464883  18.34811049965787  0.13821729842305008  
12.876597270476218  18.887853617354146  1.1336605737104468  
-2.4399880209863802  13.509176511146258  1.4956256380498587  
16.684580652909595  12.823060724565792  1.3764058390651457  
-7.080636053954418  -13.520981435743753  1.5026139688068239  
7.844538258551413  -15.958740850498977  1.468826602514791  
0.43011694751810836  18.287510599093643  2.447972494151858  
-4.4909338438230115  -16.436406389280982  1.2371824750878713  
-3.68658162735489  -17.977918808466672  0.890336522181987  
13.774795916621741  7.018755166400204  0.03668793493711686  
-9.826426295040939  -14.364170997478167  0.8487158197082236  
5.8537281162182175  -8.75373697728274  2.0017491381531793  
15.103216294580271  2.228777592736435  0.36292745242377994  
0.9325566806193493  -15.611492336698106  1.0577062503085397  
-11.632906580928676  -7.666470951460118  2.4883854377096397  
12.001226359985246  19.00282614513496  0.8210335868509949  
15.945715170685084  -7.263439483025969  2.4147000616470042  
12.931979484590876  -12.275167724563216  0.13995168517155293  
4.220111664733189  16.3664138570116  0.5225405034303132  
3.0901477028771467  -8.985720034534168  0.6524032053106066  
12.078960902114332  17.780035319807894  1.8182128178129413  
17.7579207111214  -3.4853118617561982  25.119691059876455  
-13.270675265897705  -11.221497945873349  0.3104080177399063  
-7.34763652801921  19.557986114605754  1.8683227002992455  
16.492250792084533  18.68339741607673  0.018571581368081458  
0.8189148251543763  4.345428418195848  0.47523920644045203  
3.86448647302489  3.805081714100041  66.09654757947322  
-9.818371443395698  -4.663966546541154  1.1013401656100523  
-7.872445799332306  -19.365893638743973  24.155876364289906  
0.03140145248774573  -1.6262142414718852  27.319248986015346  
-11.214554323837472  -12.71298044414078  5.150229454919506  
4.733437781334381  -18.915138646544982  1.0754008990665347  
19.112173311267682  7.737823681467283  1.1605989953981666  
-17.064794838566307  -7.923877259785378  1.6437520295576726  
-6.90956195207233  3.366316752045293  2.32216328661781  
-19.443872021288456  -11.533870932158962  7.045440838954805  
19.02266099610283  6.35459031225572  0.5875317880453703  
-14.15973592665965  11.279923218311815  64.09434275010753  
7.095627066786946  19.462913436490986  1.3772212139827742  
4.7532308279182445  -1.7611685082317337  0.49160273618644945  
16.17999011825369  -3.2837375784006113  0.9122404578360954  
15.004607003952103  13.47653734866789  13.455702492610866  
7.14589524304823  -10.467251235290576  1.057452333707699  
6.977080929828109  3.7126711459435526  0.6290421742576974  
-4.024036756583458  -7.174811370173915  2.0660880799784125  
9.843583605956905  0.41517404651007084  0.7599659656997391  
9.956886068154681  -4.392934499465522  1.789869516045686  
11.153662727139093  17.482676549076793  1.9650469533874717  
-19.769114290849068  -9.365856770424159  0.5441899901537097  
8.170340062139992  -16.021850480416546  2.469635104232377  
-6.011708410908941  -12.387034016553153  1.4428091771195097  
-0.7612825707606348  -18.554927358433503  2.1717450931059394  
19.58247433546142  4.507509743367951  1.641513143287763  
13.467553740189068  -14.662624515436056  0.794056875466397  
-12.15160157709919  -18.524778437251594  0.5551943463628711  
7.0050983189002345  0.09439640588919218  2.213437395965941  
2.906031281012666  11.963710944470453  48.03044559141265  
-15.809597926776613  7.39210882244079  0.7199362147586705  
-14.270124776009752  15.49932745195781  0.739626208353133  
-8.138630029552294  -2.8981300973552493  0.5822079915544692  
-16.234147055367636  -13.301110188579468  1.8813406841088585  
5.1008011308103605  0.4879397250803663  0.9213151120533105  
-10.123185580781563  5.035808069822121  0.009303653374255205  
12.701666578597177  15.175016715166272  1.0198636762019206  
3.897899840122289  -0.10815649764165514  1.4215235594169515  
-19.367122180340388  1.4170430688988205  50.142755409923986  
0.0830231443779752  -4.5742244498464615  1.2787709670950855  
-18.21320997355837  19.19853282955372  67.3764697551565  
-6.2762883508531875  9.790201110454358  0.44027988792748607  
-9.71030074217083  -14.300333508423332  1.4978718574272012  
10.221565468229194  -6.772264241950134  10.05853143524573  
8.656568852242277  -17.343594904402902  0.053602144111513095  
9.895574306732883  -0.4221413885247074  2.232307279869521  
6.071253660002544  13.146876927510675  0.7441377994560305  
-8.194447374167586  -4.27435312110633  47.125464009046894  
