Customers 150 
Coordinate X		 Coordinate Y 		Demand 
-5.309910893039069  -5.370301111428795  25.709301670716357  
2.872637128899889  9.38285040183657  1.9893645856847597  
1.6300893764065556  -2.7166716982590167  0.6521854591409931  
-4.0020226451433905  4.0064238457159576  13.169972375925838  
-6.205649986876017  -0.026792888860590836  2.0540702215630224  
0.8173920443103313  -9.24589132865578  0.5953373797218037  
8.148546856041236  8.638211055042543  0.29704659070741796  
-7.415299814181619  -6.845488521006562  2.1327494640391245  
6.94564230552858  9.21031563355293  44.81991065981535  
-9.149316701788472  -4.484174929781699  13.044065732973573  
4.530943125276689  3.092901698481416  2.0875613972631326  
-1.6584919779792706  -6.080121895965105  1.2493544841924402  
-1.1397087320462873  3.1432102317384256  0.1420591103079788  
-1.1919067472804628  4.790654200108088  1.8514385624532341  
2.497017931898654  0.5495768640814234  2.3293313507330686  
1.1120523583157098  -6.072105611253424  1.446249476836764  
-7.146721982407678  -2.0059393326830444  4.314228065383749  
1.813831859611291  -6.1035876207819095  1.1805664782528544  
6.4413995124999595  9.491103583256837  0.7015407947314902  
3.52867249630474  2.661751298333444  0.4756882539311763  
6.900862737852659  -7.707162742298896  1.7952289427477837  
-8.683983111524988  1.3627995988945294  0.42595849340899217  
1.5665414527642731  1.2516675332711316  23.37849987599998  
-5.632010432390498  -5.8880041669637295  0.3731033779685036  
6.343830733028938  1.0307553065165784  0.22294255121113132  
5.262575225843564  -2.286251218257272  1.9239590092389178  
3.656280059939178  -3.4469713775204998  1.7259770233261909  
-5.952880085507815  -5.808308540303555  0.3041668019915694  
3.2313662222245476  7.079339794756038  0.4902072514743977  
-0.58222566498101  4.015400702147696  1.065414987228384  
0.4900210391836879  -5.693599214888616  2.036143138957048  
4.260517215556639  2.91720398220653  0.7888043809771783  
-7.694451938925113  -0.12488087564972616  1.6395471503912802  
7.819370912578027  -9.810299752138878  1.051916807037947  
-5.10245331789487  -7.320042673302551  2.1947576869360548  
-8.242561262829543  1.354614787997546  0.5521634163975164  
-6.373528287393371  -8.630056109156751  1.9774579108753834  
2.3763935798707774  3.09362221829349  0.9039923532644439  
-0.5455476408295432  -7.568040117009929  1.8869660841531188  
-3.739965332473294  -6.668245831006018  2.2525328055505804  
-8.162003575847907  -0.7530739341890467  2.373127927862323  
1.6075442613164341  -5.635981238104176  0.47125401430795133  
-7.18179498557697  -7.490485580355557  0.8778870114041692  
-7.477934847294716  -8.084136193255116  0.8362171553905975  
2.0741189514232445  7.402009764895055  1.2466128401290753  
-1.4797735548652025  -1.9719060339392378  1.1944988354880923  
7.704828877911275  7.912949653300263  2.1892636373769565  
-3.471759584626078  0.6568841003942367  0.7693632031042517  
-7.494031981707541  -6.308839064535732  67.90733025455565  
-2.3698019086606514  7.8795006821597084  38.38776522007727  
0.5062140744924868  -0.17417659250627082  1.3405674986286247  
5.834186489326234  -0.40363708977639945  0.8967399031636747  
-6.470572292081302  -5.056814350341758  5.560271010804877  
-8.878147683764247  4.620065695192199  2.164323316647461  
-7.45194933779084  8.01055198601657  0.4045558364924723  
4.047037910961336  6.041992720312749  0.6774714171716933  
3.5933857619055942  -0.7618261264298702  0.7538715780401519  
4.149117061740677  2.7671389167107243  0.6346665972064855  
-7.011610260634411  -4.530335499126887  0.6272821487700244  
-0.5533496358407461  0.10777309107445987  1.5477232486431989  
1.6686021681314482  -4.5484350127224875  0.4519964487402184  
-0.7230126904223688  7.326564663870027  0.9963925905339912  
-6.6431724030087835  -4.627316504060113  64.39905182015269  
7.747443858376599  5.019794974396362  59.100949359372294  
-3.642789892808283  -9.936160026895124  1.8390462732407842  
-9.936325805869455  -9.76871707778367  0.3960846945482113  
3.734313661748798  -9.751370368846423  30.556961516223556  
9.000867648277335  -7.8123487872733595  1.251445634355065  
1.6428362934437786  1.235841315198961  0.5013181495227964  
-6.216611849709512  -3.4544490935382655  0.4351280847682079  
0.5735871466705422  -6.555848827714625  0.6327688140745175  
8.638491812281966  1.0414766493706153  1.8839731473235974  
9.281346820130011  0.149712712801497  1.7978848123832463  
-6.710262530155995  -9.565206587094366  0.6954816491524038  
-3.8397639977770304  2.847278733336612  0.22664041258593337  
-7.344277937232107  3.634603693895089  0.8181792910862753  
7.832221935846306  9.615467696927698  1.8643942302377072  
-1.98023970319184  -9.09892563608905  0.5174033007038805  
-0.285618703055718  -3.1231924932702153  1.0210401312764055  
6.936141215188169  4.011853161184838  48.58810756971541  
-1.6694493373523294  9.943181338997618  1.5563222583833496  
-5.861424094390911  7.284198038097077  0.2791282394340605  
0.1329856865497714  2.7372975935634756  1.431390822754687  
-9.283525813135284  2.3434432478159  34.74951397293593  
-3.4003459525239794  2.0808087767106986  2.08167799481986  
-6.175336542257215  4.528430300494765  0.9285005548402516  
0.3727905908652378  6.93970837817362  2.191171448617642  
-5.807819153207228  -6.175474860592489  0.8283374565379353  
-7.795666976403348  -1.982373466150067  30.616871892907227  
-6.304234594302556  8.214848922371228  0.5165575542241607  
-6.526126713096707  -1.912348699218116  2.4875527161255055  
-9.736331181158839  -7.659654304012477  2.0949811845686246  
-5.955261949177261  8.45330035930603  11.664317362574183  
-7.624584008827783  -0.640684012820218  1.483067953064909  
-9.776167290232337  -8.07073077613023  0.9114854267482742  
-9.576862883804013  8.897033192057819  0.2785090822787631  
-7.40913156785666  -2.2674223518294667  1.6179130601275837  
-2.799904715372776  8.976077896063593  2.4440221951865677  
8.462599044002307  8.674743435359787  2.4722420394974063  
-5.217959972776605  -5.18199314358225  0.7129264841265154  
8.757693707162645  -3.954395406090441  1.3618154624599856  
-9.932994959125496  2.406987459483945  21.654211740585538  
-5.972132447579844  -7.420579609011771  0.42641154217510385  
6.239179448390001  -0.2939842748247745  1.5777340345271698  
-0.57910004642887  -1.1061317793702443  1.173611486922999  
2.422475162395015  3.416353588402604  1.9329511532720316  
3.3411591756089383  3.7925696697636635  46.289297671904876  
-1.2105810412815714  -5.829202579786033  1.784051375603481  
9.573263529846013  3.821764934564211  2.2727055779625847  
9.390989296487582  8.051414561704846  7.445986273675883  
-2.365496419222744  -7.528237139290077  53.670377629770364  
9.973026937347036  7.32236475073228  8.72758080861085  
1.1216464477281427  -5.58620813051199  0.46466292746251414  
-6.955159555902563  -1.7315634910092008  0.483406955255736  
-1.1822489325596948  5.162877106183913  2.1386115494219893  
7.465639634485392  9.0299190947721  8.505114141889607  
8.324619185928167  1.5573647513537416  0.2895402508245984  
4.814407490616032  5.324438449839636  46.90009662939432  
-3.0134957597631367  -6.554273867011167  1.802843193793383  
-0.19114611847967033  6.946382365099691  0.20082791310744336  
9.870707517794969  -8.028740549073666  2.109669507750688  
-2.9609409338485415  -7.065462517952672  1.6425427078293637  
-0.42931967327475107  -5.15468346389135  1.3797148027799209  
1.2814433307965203  8.298562013564247  2.140463931038476  
7.597265290097223  -6.000318752269274  0.8868948471232146  
-6.34131749990474  -9.805073513198295  0.390405131385817  
-7.876306141643004  -3.991275900342595  1.6279790752841379  
0.9111971819902127  -3.5570644861221385  1.3525397112228603  
1.8499709177440131  -9.328044900210147  0.3992627946107277  
-9.954163173095612  4.271470194691734  0.5480590392476801  
0.7522673142204752  8.147602523007137  1.6613558127073536  
5.6273878025755035  -7.812938971660762  1.3558607648276224  
-6.517050766427874  -9.972155779278069  1.6471652918429427  
-8.021470007890123  2.8539301923754223  0.8268462996626313  
6.186864810171269  4.746310694014525  1.793151800676331  
7.553861430930258  9.876615003559358  0.15840461637434494  
2.4995185441885077  2.708491748790596  1.698935978310786  
3.7536242818658003  -3.6241884316626045  1.5966611247941451  
-0.5072477393836561  -8.464332400945443  66.56774734952147  
5.442752111093284  -1.7519491162638996  1.6590695764726926  
-6.666436065050898  -3.1870107668017518  1.7258998836294936  
-4.559137027507283  9.999839691397995  1.1949251062583235  
9.421682373824357  -1.2676649811271385  0.3720545102997769  
-9.751174733327897  -3.953111372767295  0.9263764918520014  
-3.2284677952858747  0.02056821233223438  0.4768756919744552  
-0.7224759885315191  -4.63094435192017  1.7375157960655598  
-8.595797158365732  5.5438189205483575  0.9476313571893549  
4.844442122216142  -7.588377043480559  2.10412367758189  
-1.4849436720047962  -1.0215828808618728  1.9421316403975288  
5.203698494692251  -7.876458187274178  0.681648032029619  
