Customers 150 
Coordinate X		 Coordinate Y 		Demand 
-5.297369444930373  -9.106516824352225  2.1959505425905324  
-8.956850404799086  -4.822979784685493  0.27644708648638355  
-7.891645998246926  -2.133286522129083  1.8263199021131415  
-4.64577594926566  -3.6479453420963104  36.59649209982834  
-3.9619334268420126  5.54913510467858  0.6936882562999882  
2.2258637079381955  6.234817759128173  1.7706331210680482  
-1.5876891337151058  6.199681015348993  1.505699989257653  
-9.457758128368965  -3.9046497717635464  1.541624746462458  
5.554167005106178  6.715104899644615  61.10450115319332  
4.523685694755459  9.93493765350738  1.6331476825526758  
0.0665595715138938  -8.344486038716674  2.0491306424417264  
5.868270398472442  1.8237761577676164  53.48886399004547  
9.03891414012434  -6.023801752405776  0.737556436020696  
4.449315652497724  4.733999082064573  1.8106128346528516  
4.286278308597124  -7.7061141195447895  47.27676830572719  
-4.228083819073756  -7.803809337422189  1.1809135328982976  
5.324043349280936  -1.4844547265348957  1.6306583890564388  
-1.6083663330985765  -0.8924902398745047  0.926596876574012  
0.7813856951804095  4.6578644355055125  0.5063622885909369  
9.49846875934174  -6.98044905154654  1.2911762838380334  
8.956550825999724  2.6855241243084613  1.56704683675275  
1.869240702116329  -7.765932936255311  21.259639012172567  
3.217112625337137  -3.803600728478232  0.983818153886839  
-9.608495435247095  -7.965321117590911  0.35163623264316546  
-7.051674440620259  7.781807380039098  0.5391583210658082  
1.3621212271059484  5.382691410231374  0.20368135574545532  
-4.247302169210572  -9.110069284505524  2.0157749772464477  
2.7636147164284033  9.405154519877478  0.9858426244082619  
1.6039104577215273  0.020536804141087828  0.1878987581324576  
-1.2785651195044991  -5.996723756033524  1.3769750726693963  
-5.341791207460562  -1.9208743018581504  1.9247935470526853  
-3.654744028089592  -6.090669217954876  1.0046898777601723  
3.4263856187137964  4.718620920899374  2.04124556055872  
-1.8425686375855133  -9.479829726269928  0.1026822729127333  
-4.990510059938275  -5.503261039047862  2.154797002735688  
-1.6882693590048596  -5.164523117074767  2.4140621927365724  
-5.898623422498797  -1.3228441338078198  53.18362516180827  
5.805489894438448  7.828878401482509  1.037952113902779  
-7.538768567465857  9.502596717222854  0.2508833997234372  
2.8882872680164677  -0.4199564973775498  0.04161879836194676  
-0.4408123183551833  -9.232024676702968  1.862118000483039  
-8.129715411265622  -6.504105097344053  0.2854041282658837  
-9.901832686207598  3.5217076844801003  0.8957790211919272  
8.533347595862185  6.949054326149309  29.557266150099665  
9.115062530126234  0.7233234342343398  0.5113384046510419  
5.348075279374957  4.661653509760264  2.0423746987048093  
0.36439514339281054  9.685500147173485  1.252932231723893  
-7.300137953102828  6.162624394829269  1.4654937254933889  
8.687565664942507  6.12865053763694  1.2272424008661706  
-8.672879313422223  -6.353390550523878  0.4943036230932177  
-7.929174700578104  8.676178642147356  51.395693781340874  
-5.825215368914904  -8.43740024314335  1.3350421692065038  
4.095093710930486  7.618538438668093  1.1596106467526264  
0.8662206193920614  -5.73955863670535  0.702261645230492  
-7.519251818864445  6.7742132308985035  1.8664625731842486  
-7.003324225029466  3.023324526489578  1.656790344534107  
4.430506874112316  2.275746717326088  0.34135833919374414  
3.4513796172407147  -1.1856172025414917  2.23461859735432  
-5.526466234445946  7.10894660647088  2.234160376558974  
-2.0485682695829794  2.0655328186785447  66.40111754245397  
-4.486111005799316  -4.766613517365236  1.948621232425936  
-7.9694030522991515  -4.1633267215736725  1.7928520985316752  
-1.2135488499508398  4.112332297020636  0.8694290988549908  
-8.353865546375081  -6.326632801741705  9.685837397869996  
-6.576568468096129  -0.5197821525703645  2.492482207354424  
-9.37321748651202  -1.5088595522453385  1.0814969393133658  
1.3346150844690818  -8.82420720981926  0.7181573753603648  
3.1610307461142177  3.8145151500411814  1.8005593960884358  
8.104441342019026  -6.130927833179076  0.6923388204991482  
-5.4712038645535  -6.3010979194734755  1.1722349105082737  
-4.390941252256768  -8.489794226136272  2.204972287447273  
-1.7203648557573636  2.663481302193782  1.7808512824328318  
7.0564753615574425  9.328400679461211  1.2809109943805304  
-6.939386957232994  1.9631958849419906  2.1121255789914772  
0.15292814960678847  2.2090144701890857  34.53782126769271  
-2.7030435917526185  3.52797647842209  2.0523199399927097  
9.098599083658062  -6.723051789486791  2.490889762041218  
4.9286136332796  -2.1026660461730344  1.5259772841146544  
1.1158033728515093  1.514463403639816  1.4291726118271635  
-9.594149855991986  7.478433264720039  0.09450317606741865  
-1.7872298416063437  2.2415485090505864  0.9732262647663964  
-3.8530011550724126  1.4557814210253177  0.96285915565617  
-0.11385319488561763  9.286957666297173  2.098911593810768  
0.6614974085187626  3.680649729809094  0.9666333232747393  
7.4653478655277965  -7.32195058446951  0.39706180394007806  
-9.45867020268286  9.868360663778859  1.236753575890861  
-4.198126855202284  -9.322450892579328  0.28380410522376526  
4.524005871803247  -4.5684445121839605  1.3641097537141458  
3.0067250319554724  -0.0046400382776567994  2.4812980715941526  
2.830193044447384  0.277580008013917  0.5113491789117708  
-6.06095539161225  -6.996453383847243  1.0286555252554173  
-0.020862143391667587  1.8981014442934914  56.055749412458354  
-1.8509094105339194  -4.217377765686474  1.7078082860818058  
4.284990693562866  -6.920911126314571  1.3789746293477054  
7.97869476643881  5.827251838452593  52.12512151133376  
-7.76283578720415  5.559279037035978  2.3703563206603913  
7.5223086167256135  -6.76048857054095  2.4662888417198254  
-9.032145652952872  5.965255634888258  0.6836729010798354  
8.15177281258443  -5.762182204938364  16.54228864953899  
7.009839407072192  -4.6487392239470715  0.7269848877345036  
-8.692069296209793  -9.190343799340257  2.3807516772907586  
4.547688082763779  8.671872814095739  24.46650603422589  
4.262214971097908  -4.663764086069444  1.5914493490012591  
1.3655054276480278  -4.484333893987873  56.25209362542065  
-0.4486716228824168  4.017188687700559  0.5676572330197655  
-4.305670106979358  8.427985587211872  1.3864619381224688  
-6.211857106009275  7.923446857747621  1.6217099797724952  
2.1623198844681095  -9.849045769718682  34.92172498239358  
6.55195139652924  -4.493584267012942  2.075687865640999  
0.050844248143995685  -3.891154463411821  2.0568483135964595  
5.061181746079818  5.391573507440734  0.8612651427214955  
2.059607559953175  -6.5330604247687525  1.1547820446441057  
5.331712967204716  -6.715382605243779  2.2571621499619092  
-3.216064795161582  3.0919909931096896  1.0640316449369345  
5.523908855871401  1.8182842972918287  0.523966509888526  
3.107338539497766  -4.257565485839903  1.5411613982623698  
-7.818502454628884  7.167970521987371  2.3210897130228796  
-0.28751114898259367  -1.1835506520098953  2.401663609179373  
5.065424140576214  1.2642757257927109  1.9156242093098184  
-2.086270803566366  -5.0139855665438615  0.01124034499646237  
-8.714205037021731  -6.569405440207423  63.228104454314746  
-8.985764002603634  -0.9549316621781188  25.569349722365835  
4.435046328569726  0.2738843240435873  1.103272874837069  
-1.6090272630186533  4.299912144544312  1.4354008981553972  
9.425458040138817  -2.343272517097992  0.3056112523222121  
7.510543907533155  -5.170031892757381  1.1605067966651204  
-1.2658645736678746  -6.421177431735405  0.39107786533647215  
2.079088725365569  4.947030167722694  1.9376545216839474  
-9.241410801237048  5.796020383350074  1.4481414526355552  
9.529329764747125  -7.818878947236543  2.0269645817232362  
5.986036214461695  -6.9949629027073374  0.35288234244598926  
6.0479030629881905  -4.878912571822291  1.262661680997683  
1.6795454975632929  -6.578037515720276  0.7945914096249171  
2.346102283416018  -7.561943383461087  2.1609033972776843  
-9.21584694543725  9.582695940586184  1.1713947412295755  
-1.6228512640955177  4.419880545633724  61.76157030207857  
-4.243924053490156  3.1934280862030224  0.9906696606712715  
0.20312565319784426  3.344689390950368  1.1535359500020546  
-6.981856360955558  8.859298349238237  2.0340173229070597  
-2.785306857944791  4.021681026297541  1.2489253147686021  
8.74457783870157  0.5193500650779512  1.1715579592523206  
2.9067104355376987  -9.172725740706438  55.29007442532969  
-8.32175892843815  9.415909763195707  2.335314598940337  
7.4128930413358916  2.564746452390823  0.4738931622309836  
-6.316517916567433  -2.5734835050656146  0.7864499117753082  
-4.997372312830766  1.475483953210082  1.42656177659686  
-6.262299149167592  -5.413477340257595  27.026427118749183  
4.743069826934345  -2.270033916138723  1.4670608896675164  
6.0647605369070945  -5.3695046875675745  2.1047314508567734  
-2.4703502621221567  5.726614838315713  1.4886353071219462  
