Customers 150 
Coordinate X		 Coordinate Y 		Demand 
-5.311702230459945  -1.9794131950144802  0.3415512986577582  
-9.723150536584956  2.840826057618804  1.8769242071400116  
2.990337372220832  -2.800012309981912  1.198737729470133  
-1.0529145619465723  -6.328666355460353  2.42237340254879  
4.902390461972953  -9.394782644798077  0.4626962006350688  
-5.09810407793549  -2.885992541761137  0.07029513095805462  
6.682294854577854  -5.299141881579301  1.9100960839128684  
1.4479083035428424  -4.408465272310405  0.7886244290147773  
-7.141289453813105  9.566774096951814  0.45504242214408547  
8.897397497010871  -6.5440484539890775  1.2980591908663164  
-6.2598593519100065  -9.558900308795906  1.735908631986375  
5.837684953109008  9.933607123800634  32.62511983210974  
3.12048795792602  -6.975787885941989  1.8427023548137198  
6.573632697020354  -6.629823299573438  2.214413623849971  
-0.6157338059353208  -1.128181524254373  19.064440122267417  
-9.553642430911049  5.6038520213387955  1.8412974156095405  
8.214597213347773  -7.794723018146053  0.20332917571257936  
-6.2687111705663785  -9.705172960911536  1.5739907230296477  
-9.892884227882963  4.467280519214681  0.7294234544313849  
-0.18129839841483175  4.039208789196664  1.4306185513385838  
0.8929070412403135  7.951025316507977  41.03190721325412  
-1.6201579846199223  -5.904524580103971  0.3845216200133936  
-1.526397243599959  4.830991613238645  13.32170863544093  
9.221773096871413  -8.448387332007034  49.78422866842851  
-6.028240126748732  2.9234621531562173  1.606340319662122  
-8.465931260615855  -6.2389571377423785  0.7411415311665553  
-9.500350752159061  -5.495100077652227  2.3988629979779517  
4.230477799929869  -5.124517634050337  0.5639273934673414  
-2.2504258114178777  -0.4836886048903075  25.83207062828793  
8.08867984365525  8.302846755293217  57.31917592729328  
-4.391148980465102  -0.5182742024643971  2.052050260767717  
5.391268736642322  9.918329065684702  1.4722493312955522  
5.002571054252741  -6.531095418013884  43.95263543704968  
-2.2289234799733553  -4.1432240841234735  1.1875217245188763  
9.167269116400362  -7.57958286419276  2.2004664093259687  
7.96396825232177  -6.285508538719682  1.7147492735608771  
-6.441372307843376  -6.816800549339503  0.19788197878802705  
-3.8277629087717946  -9.01141450702918  1.9562838107085527  
-2.4036591924728334  -1.4352737375980222  0.6921207746447322  
6.741712867456741  9.581998166731484  2.211234822543058  
-3.550745056336913  -5.256080800673786  0.6604150337358614  
5.85572400166871  0.20232259610612857  1.5692325534912885  
-3.936075356633058  2.364915339236031  53.50510228847427  
-4.050975324041368  -4.517448911724875  2.236716747937959  
9.63969848275471  2.6418221404213327  56.62756929845669  
-2.4551807866337043  5.651871174103691  39.97953411603402  
8.753462183407276  4.802585382182151  1.251596716614767  
-5.781991757169211  5.584635274029786  2.0984873929041448  
7.337168397060054  6.2000908645725055  2.3206373722019062  
1.3877807054580984  7.055627915965012  1.85197040193951  
1.7112693583398055  1.4186299302674499  0.5511845960046071  
4.642672554224461  -4.970242523880106  0.11983958476511403  
-5.122810164787319  1.7038497072415346  39.08576660192029  
-1.6987717270722928  -8.185702001945387  45.96327357033531  
-1.7280489407770077  -8.955685292106104  1.9814263399322642  
-0.0886248113389616  -2.098197452563017  0.18042584547623336  
9.1880823201286  -9.767193505238879  0.4556592474517582  
1.391651322981497  3.3318185751919156  41.21130080966284  
7.06194089079046  5.235481342930575  0.397728084297686  
2.5173957129663034  8.399521829140973  1.0632588518053891  
-3.1664386792970607  1.1970187187713641  0.5953357440691711  
-2.5449573076126892  -2.460593709638017  1.9540412322486078  
-7.418832868013743  8.409876779805401  1.1472921162664824  
-9.952369296675467  -4.7878585410390295  1.358352009013819  
-0.3665356829000661  -8.424213923792026  2.4599839809733055  
-1.4453410671896432  -2.377268365734306  0.6553115220464611  
-1.6371579274936394  -1.3123935495546384  1.8355505551986102  
-4.45058409511798  -0.9019006080193073  1.1730007899629247  
-2.1373931269340662  -9.14033435044805  0.47402946095308734  
-6.323098747306548  -3.047784762673789  1.401255670447369  
-7.288623039479381  -0.5652853696676612  50.62258065982429  
-7.024528493413429  3.6669044283859265  1.8987048955264252  
1.0277569433480274  1.6956146447238396  0.44316678638363444  
-9.53467290054039  0.21644981944201014  2.2788182465694944  
7.018423008609982  -8.490112043638995  0.7986151259021221  
-2.29302574344678  9.364121569510864  9.959943262861527  
-3.777260513841087  6.235256067262672  1.774894857907805  
-2.9672184958107106  -7.241248477223228  1.087607012037641  
-3.3429646713248617  -3.7857150622805875  2.391306909125468  
-7.845246115241209  0.659484745264507  0.5683144574078549  
4.061661992956401  8.186271658126277  0.5681931039706565  
-6.1483418274496815  8.116828855668807  1.9671666852956025  
-5.546037372962777  -1.0555110734051176  2.050316400280316  
6.438613982076898  -3.5618721767711436  0.9115066291472795  
-7.809730570800502  0.5669171717298056  2.322337455981672  
5.722282424365069  3.7655828077166724  1.9558929591170773  
6.740064596881517  3.548588273995472  2.4636524550991634  
4.144777186641784  -6.4050507523750895  0.3946557264076933  
-3.6245799075808787  9.163664615582444  0.5148580993879587  
3.819418515012245  -4.936970059597634  1.231587311482244  
1.9788488124055128  7.38538054144319  0.5531094576783752  
3.1614587008545154  -6.167904742026328  0.31653383272122804  
-0.827312396990088  1.691968918324866  2.2986366350990837  
7.816905660000096  -2.6006513977363266  0.7836527029522513  
1.9731380025189775  7.086700619527335  2.199684967061496  
1.5925617315322267  3.6595695850675742  1.0511023286166874  
-3.8279087370826996  -7.339841420867366  0.0681451285815951  
-1.9095848368812405  6.549052589952421  1.266929210592599  
5.649860104503846  5.0228755845386015  0.9631387020119253  
-1.250502613602194  -2.401029332666356  21.126054869456496  
-0.17805460551170604  -6.063545678200928  0.14482460655807772  
7.998336247764051  7.226289423958018  1.7871711071879826  
-4.577039349400904  6.471303759986515  2.0456918022672204  
1.221132752200326  -5.40964852979484  1.8671807910763139  
-9.169161164643159  1.0191081539053553  2.3316049570881616  
6.240781799747481  -0.15673691001530976  2.3681638770060247  
-3.8655531247578567  -2.5118412719416945  9.046510996731637  
4.021861641036583  -2.397796750393624  0.07642007834280262  
7.14773669174841  5.0096719207862  1.5865652458295396  
-0.7032753985829654  -4.5282186050060425  1.3504823415763447  
-3.426450315113156  -6.516781559969225  20.328267059818497  
-3.1821991639056346  6.4445684749566645  0.4638241871493193  
0.5202083735172014  0.28938805272213663  0.5657344671054576  
3.939255563426789  9.007928980993722  1.4718891318004497  
3.5740140702225904  8.497818680577161  0.9407037085704564  
5.231110793736162  -6.2147261780142005  1.113208727352991  
-9.369220920304508  -2.1012934713281117  49.267869720526924  
-0.17103261857752905  0.5398649534926143  25.539597091781797  
-1.3104842743797267  -4.814066580833655  1.0724459165061504  
-2.7775569629024925  -5.63070797295455  2.013626163732514  
6.811409353914957  -5.38007388060608  19.565517627743343  
-7.8145377234615925  -5.081252938229404  0.3228331988596031  
7.447199554468391  5.498378025240896  67.75464016430695  
4.551510217886431  -2.558773506559171  0.8126158035226022  
7.33609511010787  7.762960356991972  0.6127925301325743  
-5.463012156980566  9.532777513582587  9.846233087097815  
-8.82065472419429  2.0701387744410766  59.139739437113114  
9.315784061790417  -7.62907792295048  1.6260947542653779  
6.291596920173198  5.654231360128442  1.6779944415021113  
1.5481945954684235  0.2843771298177096  1.7653582314999277  
-8.566842102923662  -9.689173887322681  22.853522577614022  
5.567314491968343  -2.5177995879001758  0.6548892000529136  
-1.9737072478452315  3.8286842133366257  1.0546758038707715  
1.92601953705619  -4.22951648222268  56.59876045840295  
-3.0413191821670544  1.198255403341527  1.167688550063655  
6.007677530219652  2.084719628096938  2.357906424569303  
9.177153115850253  -3.075070499975972  59.02020569263681  
1.4036955996821447  9.665971921967433  1.6599647052274855  
3.2748394620036656  -5.224850951818871  0.7183791263260042  
3.76104646240103  -8.291039008905583  2.431947301535489  
8.274847407535987  -3.716490630193232  0.7336629943960025  
5.802884422888319  1.310206351997616  30.738032828352434  
-5.186397227264412  -5.651032716595195  1.5201602491754571  
-0.7746126888280713  6.544337849950946  1.3481598299768471  
2.92696789375103  3.2482899713957067  1.8612222426465916  
-5.826062313066833  -5.5032913803773  1.4247949629913186  
-0.3577253602445456  1.3948612435206353  2.0207039283969976  
2.0017811492663498  3.080431208909131  2.1951326526057864  
-5.420615701849352  8.170977419813688  1.561760233581508  
-7.985723281776105  4.465959739053535  2.35207844791136  
