Customers 150 
Coordinate X		 Coordinate Y 		Demand 
14.34527521161116  0.4823463577029621  1.4439805349814991  
-18.761201017721895  -13.604340212876721  59.46972514579493  
5.145944144224654  -6.825521811605189  2.4727890885085273  
-13.761069369451349  12.269207644653363  0.30130355812899384  
0.5986804141718274  14.560365302660394  1.124642224046297  
-9.297669565956  7.072639590997149  1.8783475408985661  
-15.117665040593842  -1.0083385570086278  0.5677988529253214  
5.182221184062826  -15.261388799636876  1.280571293836377  
1.8230901892691165  4.709357922543429  1.1747521649946389  
2.5340559752450673  18.386375083778937  44.77901737219156  
-13.711153821564587  -0.11674903847012885  0.05378717255378279  
-16.470129042088864  -17.416827125862078  0.05574675027763598  
8.750113134886767  17.384317177703608  38.72655740309816  
6.342273933730972  8.166659132495766  0.5680906670200014  
-3.08634930868169  -11.553748491973588  2.0856450505172037  
8.8043055443311  4.7846142094310125  1.3296673397156233  
8.335121540483694  15.372413642985748  0.5192729713012743  
-17.64856143831122  16.308188939179985  2.3726830877604237  
17.91698953307006  13.4444375486813  1.4589301647771795  
-13.448054228566338  -15.725062097663226  2.0234317757545646  
-5.802072923600093  -17.81125252406758  1.3011805058041683  
-16.86809714802418  -15.48211795133383  1.3767079930602713  
8.339974171503435  16.157235925598407  0.5235172292855015  
-1.598928656281572  12.136866654540135  1.6573359436622765  
9.719702303952328  15.378350843664691  1.06733059958408  
12.98590158720706  -0.031559196592191086  2.4473294799732024  
-7.970367619467108  -14.365152186690029  1.9351392532755014  
-12.224070367273345  5.710534198575932  1.8821988725510352  
3.7961560528476603  -11.275558297491038  52.75424663893571  
4.989786244502703  -7.141836244802548  0.5449196934916498  
-12.779789486007079  12.859630521709342  1.494819233031556  
-6.732899951355238  0.6064240250498152  1.41107994563063  
-0.7530424004825811  3.3629208837428415  1.567459412058265  
-4.30748436980207  -12.122985535396825  1.3237207966908962  
18.770718768925867  -16.186280226117905  2.3261926672922364  
-10.341897630047395  6.624556705890345  5.156320714837822  
-6.118590651648095  7.803130664876559  1.1579809950011866  
-2.5296135507160784  9.578934277076293  42.00693204436128  
-6.941267746662408  11.452911830345045  1.6407203561200028  
-3.3917399420241203  7.579932668166514  0.9373710501901602  
14.220370101995748  6.854848898449646  1.2887568965228144  
-11.461975030770946  -18.339596453921295  0.2929836635579017  
15.530438619701215  -13.413216296002162  37.62875686935552  
-5.008190086330938  5.034219987657721  1.1630219974422242  
-18.125567801039608  -0.5384500092187317  2.662260402015121  
0.6156210027171198  0.14526233008908918  0.5227097113178134  
10.906937330603608  -12.334923202238798  1.2107214894313878  
-9.106733876743967  5.933694056710511  1.3153412390692285  
12.578340299601443  -14.560102734089417  1.5077000847249609  
4.252414044069081  0.4757688077926936  0.8912341263856751  
-13.953209741488477  9.470319825020589  0.9456295750931452  
7.259027665869013  14.153426444172908  26.289991120855525  
7.8816694038309905  -18.874496032369855  1.8082728491226447  
11.806430069232064  -1.4900810447107062  0.4207554600836738  
-4.535184426969764  -9.283292595847348  61.92740620568836  
-16.794756313676178  5.947726821708372  2.0154741930120097  
-0.5042525025729816  -16.075071373058407  0.1199619055320722  
18.080467509219645  5.425006325670566  1.4645190101453864  
-10.492856308882153  0.5552256844610213  2.383452677657645  
0.9819222298935202  -10.693172474323509  2.007346356107589  
-13.703172106665345  -14.22607046913884  2.194234691978654  
-1.3856661128805712  -3.472560485663049  2.485213275726814  
5.18250876618831  3.985031262009052  3.0524082772113337  
-19.40670842219971  7.2198289339970465  1.6832967974544555  
3.9855163343540703  15.501967861762239  1.8772276219225743  
-14.366666583308785  -6.031194908898087  1.8587573617796065  
-0.3501971637834522  -13.828923469184584  0.31613209949418075  
-17.925584922504672  -15.156116693744286  0.05826147682450905  
7.402439446170007  -9.897043771000469  2.1278888473331543  
1.6530010922073188  3.3681846417570362  1.4534787926193846  
-13.638127932756788  15.66798713185382  2.2772037640392773  
15.424044864588687  0.5796400348395849  56.159440490566475  
-14.499824299628274  -5.087735784279591  1.7490113890488042  
-9.2599122601165  -15.659285703807711  1.234681939580124  
13.865567311231295  -13.44981177839867  0.09272762322431016  
18.19374219258895  1.0529287632678717  0.3054606084268166  
8.97142176735015  12.689968125865065  1.581157360854153  
7.429802885434569  -5.067595077511973  1.1446070441281533  
7.258040335601027  19.448282838390817  55.556882157201485  
-19.26676572989289  -19.997295488401114  2.4564818714029224  
-9.466576236628793  1.6103547661215778  1.409472337325354  
3.2992924899664686  9.961201231283479  1.5077802648441485  
12.299296751302464  -18.50832091168796  0.6425545129539195  
-0.9079771952909468  1.0752342453108774  2.4872907013550365  
17.868643887526304  -17.84232937983733  1.3333906291280564  
-8.802617153356653  -6.735699049929465  21.1479475640392  
-17.8190107518517  -14.842535935501239  0.6393439194810555  
-4.422748296002741  4.5245353184695425  0.03133621483370014  
-0.7783110273731211  -7.071873154023237  37.8498590349797  
7.130562325923307  3.8517170800891556  1.41323661416632  
6.951471104963037  6.025533142475471  0.493249916339549  
6.96781456241219  17.81906787734478  36.74174373113439  
1.6524833666727012  15.338149069434223  0.3956839623791411  
9.805217956686654  -4.033911101734429  1.519616716740698  
5.5970935832711355  -0.5600304148311466  1.7114055037444953  
-19.61528644334097  -9.84532741819677  0.4552465488704177  
-18.054307596618212  7.238879424669236  1.1121868682655467  
17.82612356500114  13.048755711284834  1.195872828951042  
-19.2202459409417  16.076663430724707  52.64259000638614  
16.817678392433322  -9.126240097035772  0.028613303552773584  
10.176396759804994  -14.563068860699282  1.5601936722145067  
-15.448823211684815  -4.387939122733613  2.1468773792622504  
16.230696978768464  16.41719857138309  0.5049385671262463  
2.308020566517964  -8.209250492996878  1.8793263093244241  
5.932013230677061  17.121386425772116  6.6221053704051265  
-9.397618909222798  -16.982077248101  0.4250900655606202  
-3.199442195229892  4.1289713665550565  0.6828028618075299  
6.787745892039666  13.423761811264512  2.198755444448656  
7.190473542409734  -19.80294771805173  0.07445365296999629  
14.033087382818955  9.162646631014844  1.5136420144737686  
-8.834332466337877  18.351573274632514  1.5364881969708395  
-9.42508097160269  15.132554262104748  1.9568804722626765  
-8.14535458850381  -7.476040402168804  1.845571414384806  
18.151476469539872  -7.932008899352439  1.4348102567534  
-2.809400391997521  4.8894133636499895  1.4811419776970172  
-1.4747256465791416  -10.837287234723378  41.595924493433756  
-8.056994317906918  10.06311659525418  14.046128700050739  
17.000297527076732  -2.6215210401919364  0.133883356911223  
-10.053033327959554  -13.689401715831547  1.7810286351996671  
-18.15992950444814  -1.4039091817244227  0.5020969013588641  
0.4365658408034605  13.928510342066453  0.5515353684726196  
18.492852772192293  15.764966723069563  0.8884172099061011  
12.388471045754144  -9.047940130385012  1.4104455496762183  
-12.469786738026873  19.207499622902937  2.183430664985981  
10.782044842265762  6.345359023017451  1.340146838197191  
-14.79476362829001  -5.765545476454893  1.9928818058198416  
8.682205042891585  0.8309270858226725  54.96628506808419  
15.536606133505842  5.227644707697806  0.27373800258098185  
9.051293715897234  -4.485388310914825  1.9003987527681865  
-7.17518283901823  -18.653848384557797  1.9686983105958262  
-19.803803933379683  18.462159913140958  1.6359563511010955  
3.5067673673165025  -0.9876805089496088  0.2426610907213564  
18.75696807948985  -10.616294083938396  1.1823834311021084  
6.2549785824342266  6.333793601892378  2.049666965754669  
4.143210489877379  -7.41757957481104  1.2095243563765568  
-0.7723080482615998  -15.38215822209462  0.8838316803869706  
18.324454222100016  18.323562808792502  1.129696356314118  
13.376101837101459  -7.865795466478236  2.1927856767017477  
14.880796352863314  -17.21979658400653  2.1546376096010476  
-19.285041288769346  -14.717256975178397  0.05713482234425998  
-8.779959886441468  6.711844086999413  1.7796101134134799  
16.4628056601897  2.322110136250245  1.8644589729769279  
7.86758782546865  -16.96778862367282  47.97462284257271  
-16.041905815619202  -15.184288136495798  24.28171674537139  
8.735341771413676  -6.577549906965148  2.0761391785723267  
-18.742571882464112  1.9512048505282884  51.024963496049494  
6.275851467076858  -15.854018134125694  2.1882391763145916  
-1.6778147716763243  12.889777875717733  1.7772624420029406  
5.427974554494554  1.221275112847966  0.1459947962832328  
3.699768602376622  -7.698534172522802  0.8511100174281292  
