Customers 150 
Coordinate X		 Coordinate Y 		Demand 
14.352441753387552  -13.081205307954296  0.03258031802501532  
-8.37805095182896  12.563757163994353  2.39929771013411  
-0.2950472429860014  -6.492158768667164  38.64773612970255  
14.442500085900718  13.609568449358612  1.271058423864453  
-3.83348138122404  12.032323730363885  1.807390228649301  
14.364313730934398  -18.366954960534972  13.72491940676289  
-9.252657034740324  14.741072593432293  2.3416998292615174  
9.729388117118532  14.990518801624944  1.4688213638850713  
18.170818418728757  3.2835228768549953  28.574104146114102  
10.347200372140584  -13.374132011484448  2.3224750853718983  
-10.5479439128178  10.490458394592714  0.7570927031072977  
-6.454836170395538  -1.4717426088785892  0.25482828781543954  
-8.290673625002466  17.860310244471712  0.48140657889402305  
15.280114964434823  13.848570323314775  2.3421404697207215  
9.36465645056131  -4.842714938630408  0.4798466739476609  
11.46708470123814  -1.9192169169843183  0.5395713504113611  
-13.110155242538113  -1.4724528072551166  0.25110527463723914  
14.681610682399459  -9.285469700301494  1.5858346354597401  
3.25412449460174  -6.460270791196505  1.4031648826302934  
1.3918287542655037  18.765109130976782  0.11357121819265237  
18.229748670756386  -0.44400297115572585  1.9502713166972006  
-5.1233976556444425  13.587178168613725  1.4595818143572739  
-19.288271639086076  1.8399390096819133  1.2912111798615338  
18.985937226670785  -17.62160008924019  1.2940596323919953  
19.207984550970117  7.8075240531525765  0.8005350999350016  
-12.100072466955263  15.779265077394683  63.099668226289694  
4.656156821018747  -6.172636790116677  0.5893671922132706  
-12.957501909024076  2.975370573563062  1.3626776895994914  
-14.276675812582639  18.97655470504788  1.1174414631925325  
10.306164209957664  15.708378946568914  0.9910797125815243  
6.74488940049519  -7.841669527987531  1.463005063916024  
-11.25590663174442  12.601924883230026  3.657780154865767  
-11.541134969240442  -11.012220946800525  1.6822303970355057  
-4.1143067995965374  5.208711792541557  30.075787197300787  
1.6918290317449305  -15.148118866510618  2.3147752970182145  
4.8319837133009  -2.814950583287196  0.2762145352462464  
-5.847215761940969  0.5501090216540128  2.2171328591758988  
-17.71298759614579  17.999079986274076  52.36685967428997  
0.49117786386430495  -13.078153091256128  1.530411049642582  
-5.3184527417442595  -17.42104511092284  1.0199670162052052  
-4.224662783955328  -15.133122443518495  2.2141826475228346  
11.54530481572705  -1.6928105986696096  0.5970265479383247  
2.5475595078791073  -12.834819974368514  1.7030470855739526  
-18.71602877539077  -9.232528542416798  0.862022849600404  
-8.387885330319008  18.502299892629715  0.8675432691541685  
4.517248737698232  9.650153497917376  3.8276642080086525  
6.7124041086195945  0.10653388223364502  0.5860553682086691  
0.13419242924278052  -13.777311829924583  1.1570928222165393  
-6.746461215468948  15.404177549477637  1.8593513512042525  
-10.777915816359469  3.771259276525022  2.4268174223608763  
-18.773432068970656  3.0990943299721536  0.02439538034118033  
12.025083406276103  -7.580152415458716  2.4618155650740503  
2.4906214907015034  -5.917151070610128  1.7490746751433741  
-16.911074353582208  9.732990339886086  1.4315949878578116  
12.569214581021349  18.58165651664335  1.6144807157832606  
-0.2521060205214276  -1.4915124867885545  0.5095653364029298  
17.116960072442097  19.946398738224083  0.7163866784675688  
-10.889668939697197  3.1662882877922485  2.278790999543938  
13.212939681464803  1.4919583162311731  0.34256073209651544  
-11.30105976138112  -3.860166830543111  0.47627514978320795  
5.636991879095138  2.7921140088393095  1.9075560268149425  
5.902111163787815  -4.323926991630875  0.5699160295504837  
8.285150030161702  -8.163740681360107  2.451618512410421  
11.392543601962096  6.450441207599262  0.7872759366308093  
-9.119500505278793  9.454183449349852  0.635352206457531  
-8.330604345935138  4.403009646858006  37.615958093743465  
-18.864310806813705  -7.584830150305283  1.2867838138478451  
-4.1197779489234065  -2.7979088147140416  0.21515112835588684  
-17.476642872318614  -8.392341108412431  59.68061410515535  
2.0789480865490084  1.7415285103920297  2.021223621261062  
17.810712811842905  -8.29426729638049  2.3692619152541656  
-1.923873316583279  -9.922071677268098  2.018606863084598  
18.514534611453207  -11.271342915922515  1.958447441048028  
2.037731009560421  -14.785912522046107  0.5680087447459423  
10.4328198817297  -8.100248074449796  1.4487782710977384  
-2.0112665825523557  18.13485606871187  38.455777244006434  
15.409352162146178  -13.789185355474833  1.7601560682610544  
11.3777186519565  -12.498303712975263  0.004199621460632408  
19.48742480472405  -17.901627481614142  1.7845382823630007  
-0.14121819631472832  -6.587821228673349  2.3380291069471677  
7.608977846089836  8.637992893560508  0.8857306461507406  
4.446962826155101  6.630677960996572  0.6317034103739677  
-4.984611010647342  -3.3370868398600386  1.9047033206497583  
16.203464815953204  -15.303504652387389  0.6260723655736757  
-4.493817639367602  -11.786763555960214  24.824279694302184  
-16.393093019845782  -3.6843102709099824  32.81258557993353  
-3.2881067759168268  -1.2780555187886407  0.09438183201220585  
-4.233134251445229  5.442838289553492  0.8986997495999904  
-17.46265870661656  -11.656026076999733  2.465841235302185  
6.635949292617653  16.458991219825265  2.48317706239725  
12.931569002954156  8.8346167758767  1.8621364332338095  
-4.623346753780568  11.85207082149308  2.3638314500729734  
-18.859315438122437  2.3834754294053297  41.74699388426381  
-11.960739526531956  3.805959630022894  0.4184472169660128  
-1.4001281837805593  18.810245194631477  1.6350063858651478  
15.707015095314063  11.104527605810656  1.4100600561945695  
7.620801676332391  -12.471444299179169  1.7117227686104268  
14.26484345498855  -17.24314246822402  1.0500587236331738  
-7.969288990854961  -9.315865165990548  2.432045913686001  
0.9478495517821273  19.749904659300647  0.032629984976069726  
5.919389414455949  -6.126467772257339  1.4941753840183223  
-7.1741474431965635  16.33485301937008  3.408842849139634  
10.650323990006253  0.849664499343497  2.2663779351833044  
-17.619793840816243  12.253407122929836  1.300432758973233  
0.29225770353420444  8.620426692669717  0.34134532571567233  
15.329155137413785  -2.6897158504757996  2.054664580839731  
-14.372594781902048  -10.65338486662351  1.0257636394533476  
-14.142025433279404  -0.3018626983980184  0.6140180389700128  
16.892580894800147  15.445423741013869  1.446734317236087  
14.410147355194042  19.481178701811956  1.6902334981655718  
-4.590516286729782  14.305750957349105  1.5816874398669343  
3.1958222413151027  18.643739365207203  1.5046199086966958  
-5.7396028877065  9.021574268848237  1.643428335098919  
14.573816588268912  -10.889978191317677  1.9578458664110696  
18.165547000826884  -8.450354126015904  1.376957696652986  
7.463387332231989  10.141293260375384  2.2241990635082534  
-17.28163568111555  -15.302251110064855  2.449706083138622  
-3.057942036149022  16.516771753103264  1.7644557661926323  
-16.865079865539645  19.349769735504857  0.7418232270270355  
-7.814286126756853  8.90445276653898  1.8765004746145284  
12.673757900277053  3.333844860289009  0.9681630774277075  
-2.0927606654019506  7.82812721208359  29.429311121607423  
-19.117605269171957  -11.66018668296044  1.6886049509388141  
14.449943925474138  -17.36315770055693  2.339126920017728  
11.826726158269622  -8.707758010073983  1.8883515094313745  
-18.307986192079596  -3.1169507756713273  2.2129108423988133  
12.459599969143177  16.585268982734434  0.9348438831582737  
-18.081741385694976  -18.48430154498883  2.2266279164959473  
-8.71521088986595  15.585506051684384  1.8429354962383215  
-13.184615701413716  -2.7054767211081483  2.034099851585524  
17.472635523336223  9.80926555446024  26.21005485345991  
3.7470623978844877  17.8317625520545  45.58863057109429  
0.5835946012057214  14.180345349556376  64.5248931125649  
6.465019210556079  -5.332419699715217  56.830501640340415  
1.0559464592306753  6.774640395788069  2.460450932107714  
5.412427554580816  15.785422087662162  1.4848281012499573  
-8.386084064546964  1.4578123999052224  0.21304879441379598  
-17.22418343416392  18.973563715048066  2.0661784413292614  
-0.24755126059307742  9.822277619487188  0.6085471308066343  
-12.55821809795387  11.439103191434778  1.011379297712861  
11.45490562716455  8.829764136611779  1.2640838546275592  
15.01471866651439  -2.919355910101782  2.0987341604285037  
-13.700091982036934  0.5656823181994071  53.31388407753918  
-11.948152801525609  -17.17408323922941  2.4877965583064685  
-15.886400984733946  -19.488436943219035  1.807446077228054  
1.6717734156771478  5.44059296435681  2.477539546762053  
13.323564274592108  0.7418131700316408  0.04209399664640373  
9.692829716169289  10.214545462205415  1.5952444919551474  
-18.829337326127224  4.451033910145725  0.9067375726623719  
16.457455112203597  -17.068207069926547  2.768529640439808  
