Customers 150 
Coordinate X		 Coordinate Y 		Demand 
14.33094212805836  -12.390550310982515  48.78966040900896  
0.47249825444578164  14.05946503338113  1.7246555506243308  
16.027927514692415  -7.492247301434794  2.1589979835605715  
9.831791719844517  9.588486035242877  0.8617938266580758  
9.463004004963569  19.61644725516051  2.2591462148402885  
-16.621637351829683  17.95182929010784  2.2781785458435695  
13.152318947699122  7.492837950016629  2.019996900252929  
-3.9121120860021428  4.234795997839491  0.9040711164860851  
9.127633730349828  7.561026821827404  1.533866865509557  
-13.09223222249952  1.9073892743057002  0.19615872592035455  
19.962428149081184  18.668836691450636  32.55601607195703  
3.4992858105709246  -9.30699675587551  2.157583712454932  
2.831687250711667  16.432331044167398  0.6852660086755652  
-11.533409319769623  -3.1971638451886903  2.019991061618561  
12.011638576785863  15.024183805293603  0.29724187816209613  
3.478746634470582  18.19227527016877  0.4098592810712448  
11.225675106527309  9.0621453513746  1.0556083646293446  
-2.308906871825471  -12.504493185810599  1.4463799923617895  
7.242719013960233  13.253853632390474  1.5704607290709522  
-3.127821386322907  -4.705405150989694  0.8431529281312911  
-13.8657167083595  -12.545751629891289  0.002998846765201457  
-0.35749613278365544  6.37929040481751  1.2109604249720718  
-16.403535995456885  4.791827969292058  1.4881293281334367  
-2.76866042218629  -8.346199857899212  2.3838886034557416  
-9.256863382176146  -9.479993787171747  1.60092163613514  
-16.842150900514742  8.346791659387613  0.21605960493665533  
6.776584095607625  9.24981702016327  2.126683263641253  
-10.75720728377188  11.18086264069457  0.42124123845412365  
-0.05818021629174197  8.22021629347757  1.0194201611276519  
-5.642968494314324  -12.842265435452585  2.152599580806095  
-11.82914725901162  14.2622306211031  1.5584476085155232  
2.3131122173302288  16.61542171264294  1.64485967239832  
-19.17685666692041  -7.886794263077519  1.3379174793566861  
-4.693839510213138  -6.786379595227148  51.39288217735498  
12.928498243287727  -18.262601157193128  2.3490273705873763  
-0.6896597206975414  -14.496429311801018  2.2517298644909265  
-6.66133923896945  -17.690826048678346  42.8395434102501  
-12.162866651949544  -7.261358929458623  0.7170640366614484  
18.193841628330617  -19.48495832645261  51.26708294181304  
0.4616862534625952  17.581887034252325  0.7721790436542644  
11.110437662037242  10.830793370525278  53.273123288548796  
-17.476535915859838  -11.633168760471118  2.184897857544153  
1.496196247298979  -14.570008939269453  0.6162824951121879  
-17.592513304257714  -6.432283548239685  1.7650203676316703  
2.399068449612084  1.3800483989450356  0.783492785278197  
-7.187635063291538  -18.86452000556748  1.4667806093696434  
19.29600437061807  2.782162032769868  2.460053731876825  
12.411412319189651  5.355704637887801  45.25415848272074  
11.227942733695766  5.511337890869367  0.8043975517663771  
-5.686926831120269  -6.115212129671971  0.32006749718237  
-4.312765682570564  -17.78722918488254  0.2880979645970744  
-2.273084410991622  17.620584759482597  0.3004136546826852  
18.663765230089957  -4.789184763796413  1.9266691598282826  
-10.758562873278738  16.063775590049254  26.055802774853493  
1.256018749140896  14.98680858312482  30.683432038100396  
-9.880056899985675  -19.173795157344227  0.027291980735976162  
4.253323539489749  -8.118011595623367  1.4271123596610793  
-3.9792613810860225  9.94244180538075  2.33597499409538  
-17.90444948166897  -1.3182389830328347  1.465236531527001  
-14.452113787557197  15.64081623811569  0.06948884326215626  
-12.383500078186316  -8.262437636955791  0.26759198505317494  
-15.961220070170885  -1.7698274737273962  1.3158078425852804  
-1.0227755498978155  -11.717424255206183  0.16001575684258862  
-1.005211874476867  8.758603194699724  0.9753384818488448  
-9.804451178473087  -12.402463909459417  1.8609785646113695  
13.561210134036813  13.100397171682616  0.3956646717726059  
-3.321971069815845  13.682890489103258  0.8748286707868519  
-5.5372000617600925  0.12746754819522366  2.2444821737617535  
17.16060467919369  -12.906450288269443  2.0187341675601242  
0.8011059114310513  6.621498096579948  0.3179892098418355  
3.4641899819973787  -16.407504607724018  2.093087498862403  
10.119881226932623  -18.416937136991493  2.1069970542783416  
-0.5285427178376878  7.279477882959817  1.3301392850503562  
8.144802392622552  -17.406031471284468  0.0680282547426811  
-19.268937233719065  15.851061409750024  2.3806263647303565  
18.603760338918015  6.8890741523798695  0.6716659306214812  
-3.904437830148993  -14.351723719362251  1.2231599460403495  
-0.4660292436557434  9.793822193414613  0.9254219267160981  
-17.200728006598567  14.148105266540092  0.0061390239631803345  
-17.517861989142112  -6.816244007856644  7.566753792342337  
-3.6176844020660504  -12.444922084802732  2.456955756927484  
1.0039524136356484  16.622248367903744  0.7599340482903163  
6.867112275202082  -8.850789651390247  18.698330716130744  
4.869139378267189  -6.167287959292583  34.19485717044526  
-17.406434846825217  10.046538376361983  2.296028473775305  
6.378335771714497  -12.83847601192198  63.31867348430263  
-6.8808192997678965  -1.9714967689264427  1.7292681316716576  
-4.801976385117754  2.6879293763016356  0.7966092198069252  
-7.4096168609791455  2.0964314998368714  44.83949442305251  
8.11978720044172  18.63716701247761  1.7733556431986535  
-5.0087246910191965  0.4073670677659038  0.25547684529812514  
-9.849865189388073  -10.246938010951819  1.6931474134944007  
2.6760809762629805  1.2474951573991113  0.6910981555142317  
13.337132923123882  -19.713650777109738  1.221955753542971  
19.59153711737453  0.6994177701971473  1.8642036649973845  
-10.259888924604596  -11.745036870165176  1.0456195714750174  
10.595475049573473  6.6595262763196  2.413114955817077  
-15.051315618927227  -6.3674473336510005  1.4875010023338753  
-1.7221586490222904  -13.138278183751876  25.488562189959833  
8.557336669782156  13.121469794244945  3.0391944465019427  
18.69041085445663  8.563728366370373  1.692230099595263  
8.001824059245788  -5.833522214848109  1.3712547838056321  
-12.60855763975358  7.552266715462274  1.9820598310121302  
2.1636475930470382  -9.134565128803844  0.5371134100268062  
17.211523688916316  -5.876694108023086  2.2893061467066467  
-18.851167002495956  -5.566799447304955  2.165941072255301  
19.146861786021525  -6.306316763134262  2.496881306515895  
8.647287946631366  0.8750114266360178  0.36823032991174787  
-12.213741162371097  -10.299691232229362  63.54317987629681  
13.278968034115216  -11.474416914532931  1.1604590098372598  
-17.32196422950763  -13.556782090800663  40.38755043288062  
5.333112602561727  8.110183459853392  0.36140152488883165  
-12.956859778237767  -0.47126974420288903  61.44626743543635  
-14.693203171871755  -2.0160709114684074  0.38873900018515734  
-4.759295177646333  -8.431052253064678  46.76517711839514  
-19.350953392340745  -12.794447032828007  0.02823456032621935  
10.392287216417454  -19.206146802014853  1.422663639072077  
17.1167760574818  -0.8981054346894268  1.8727385010955009  
3.571057959061285  0.2322565735885327  1.3594394887978332  
1.1487849322621848  17.979368709888114  0.2532898293533417  
15.962179337670477  -4.882158098332203  2.2182798388037344  
19.664079051334333  -8.36135485100495  0.6095790250154467  
-4.599375728347187  -3.823446429187701  0.854126635392318  
13.690750742878215  12.348814269822682  1.8720381176695835  
8.692681614211594  -3.5484086989390384  0.24373745847592054  
-7.768319692803733  -11.06273607011492  1.5528236954089956  
1.127415190388387  9.322243888045602  1.637902052469729  
2.7733011719074554  12.651536617024632  38.340502226425436  
4.584301139284253  -4.627177036113231  2.015325265827916  
4.843682289726292  -10.550592307503543  1.8378951168577204  
-14.356682846811486  -4.232051369497611  0.5979412018941332  
3.026178498273431  1.3734327729957307  2.43877483162252  
15.103715632104546  19.790428241164953  1.3124256282250357  
5.834895538051175  -10.333779198845988  2.001634322580537  
10.317738551170802  4.197979887944303  1.207671242167145  
-13.141779253946432  2.2826805623453694  2.1818388759139005  
-8.254468012513128  12.05506481865995  0.4629913683560527  
-5.423328812460696  18.455487362562046  2.446000072940915  
5.137492771868981  8.696053816913135  0.2468184926840683  
7.261311733553253  12.970023287641709  0.6486457971012521  
-9.249689721560603  2.4760033917282307  0.31066263098532054  
19.358979647540323  12.8050422289543  1.3959085608208734  
11.002949824665613  -12.034731103463724  37.29610037263975  
15.770588156193611  -11.204697334982118  0.018496587055543134  
17.978827879755364  19.244222973449723  0.11352530675506511  
-19.571261882700178  -5.02757018503587  0.6012143993049943  
-7.8195747440000964  -9.045679550347462  1.4805295356509676  
15.580896252632456  18.24024210669591  2.141298342098527  
13.942597719691662  -5.238243077793996  1.1245091690191487  
18.18439558272268  11.040810430191797  0.032831606449287565  
