Customers 150 
Coordinate X		 Coordinate Y 		Demand 
-5.304535688683547  4.45703513932826  0.018750901997693914  
0.6599998273312035  9.008923136466656  2.3266856468131976  
-2.4506543130130476  -2.466649267043886  42.12825546175392  
7.150654595382274  -4.988305848778332  1.861883134019708  
0.47022866657708207  8.077176378951862  1.8281922470939802  
-1.4361201849986465  -8.325587391316482  2.1704641260130515  
-7.452697139568625  -9.549730433115153  0.45789807383816383  
5.995074938575327  5.843442626974637  1.165124606365069  
9.206438477623312  8.140939647309825  0.09592772162916707  
-3.289458702140058  1.695444748770763  0.21560341808304462  
-3.0966497411864458  1.04830682624371  19.334014983021156  
-4.147022175197663  5.878691640784124  1.547976771872694  
6.079700900013567  -6.499794819173883  0.04012941404365922  
-4.488525974252575  -0.9479121087544335  0.7625132665043144  
-8.164727748669097  5.582852327112031  2.4206337486258516  
-6.890863274004014  -1.099978509030084  9.340963425452678  
6.769320132302742  -4.639588872340474  2.166993782384509  
6.061461546190749  4.701168399606978  2.9378117537837145E-4  
-4.5557495643745005  4.562572477360096  0.6178928901376124  
-5.341414819536546  -1.4706202801865498  0.11089743621475995  
4.9247286355967965  5.318274571396607  0.26886517771378293  
-9.875458492240185  3.1647712418203593  0.5502691508486901  
-9.154642458143023  -9.486304706631405  1.9484302154818713  
9.80663868180055  1.793145626189414  1.0781888924366307  
3.4600427163155025  -4.647365233402341  1.072749283111062  
6.448094983245049  9.571867136244496  0.47241144345600533  
3.1261733903035704  2.6974153189211254  60.33175747543963  
3.497045960155912  -7.8596815570864305  2.0248850275642534  
-0.32325767684817386  9.768424099625392  1.789217902506838  
-6.594942786936238  -8.846938351358542  0.4846550344896472  
-4.866470093962832  -1.219573954138049  1.9884218852837499  
0.8682623542763661  1.9138299238649132  1.2384696045278623  
-5.78552151450512  -0.9062372485572556  1.8117036278571415  
-2.035746207791047  -6.811527054208312  0.6451020173422561  
-7.911620620780568  -6.5414218026087  2.1776316687779254  
3.137849595670069  4.274984172102776  2.0644057331487247  
-6.169998014182698  5.930177509414726  2.3161857443903546  
0.9888633438217163  -0.5912682017849473  0.24711798093211723  
5.028786120030656  -5.966338659199195  0.4715020871840847  
4.8149997697133795  4.58102098368858  2.3764268290789534  
-1.9957785383344362  -7.244052738688378  0.011266535735901528  
8.863004444213157  -3.1508915486421856  59.54574101903198  
3.081045829568062  2.943311362846453  0.17126930663505152  
2.241185986898797  1.215802558200604  1.6347184150014158  
-0.6226196425711414  1.6825729363394473  1.2886380820670609  
1.446447246370628  -4.8432376580680225  0.48644563400954244  
4.558928663400044  -2.7559575333454056  0.0022644741693300663  
3.4589351448639825  5.873629983441139  1.7819905964516698  
8.012367180012895  -3.8356294479068893  0.52393990516049  
6.357450547006323  -9.648881317279432  2.4231369938899125  
-3.1089523730959234  -4.952595564780986  1.2087162437535808  
9.408728592654779  -6.703821681534952  0.7274408956122602  
9.486141922083196  -5.338805927045187  1.2780069574582642  
9.58372414813666  3.0373696806746313  1.1805825896822164  
-4.623650528832339  -1.0907358815921882  0.6739444379318049  
-3.54597422016099  -9.53743646303672  2.1686080950051703  
6.809294597120459  6.254276606043604  1.6485087933227514  
-7.578484529888893  1.0731005373136  0.6060745813043131  
-9.232262820839354  6.172213974700725  1.31594423042833  
-9.765586278308337  -4.767472527078631  0.5011164391566278  
-3.826274991559801  -1.784797101273714  0.021978488247553774  
4.742819671032468  -3.311960215605845  0.6234466653901416  
-4.316191007993904  -3.7388954615869814  1.0083606075607365  
0.8468827274863386  -5.557245671390367  2.0663102873665267  
6.528448073513516  5.528001961818806  2.4762331127903163  
4.590720574137556  8.05693619002179  2.1184042120534623  
-0.15127127250066863  4.931699471301441  1.276853946653036  
9.355223474509732  -8.543692728989063  1.4867800930256803  
-7.016476041469133  -7.635631091813561  0.5831841034732149  
-5.8971514549416355  -4.674441490085243  0.0367453277307242  
4.1602177051203135  -4.527539797901968  2.020856022270399  
-4.372446674585397  -6.834807283721758  1.8397780517267257  
-5.957883847547265  -4.487992486919086  0.8620388531291792  
1.76297007111331  1.0898227031803884  0.9454719314069373  
3.5856755791083845  -3.1405486377133425  1.0107163843960756  
-2.4980348166113124  6.446049172978089  2.418525262187374  
2.6606692849084865  -0.24389801012367052  2.1328923099745114  
0.9806978667576693  5.328042589290259  36.73795379158204  
8.88641920175171  -1.1356256803087739  1.9102397604763157  
-8.719697687593372  -5.931040995007725  0.33140881673763667  
1.1372163736982532  -4.786089916411569  2.0207096843685264  
-5.000671193237823  4.786305287358674  0.21501293910233754  
-2.8299451349125864  -5.884276703553972  2.0746140156719934  
3.5500553972746083  0.0593889255305875  2.189069957584558  
9.827808498352038  6.622483293630147  1.3596996485873265  
-1.8681940381705076  6.816971884759376  0.346323267503969  
1.2709688708396172  -2.886931011268703  1.373728317414367  
4.334391529222517  -5.486747781291137  2.129382721434468  
-0.3089275868243142  4.579512288652394  0.24807804823815255  
3.3248057797298163  7.670304974208143  0.8714682824499104  
7.958946710396631  -9.805536421202028  0.790882491466896  
-8.429701423245353  7.86509820212197  2.430323202857911  
-1.3391109037620037  8.737295576319195  2.0032224792168964  
6.050948176781482  5.239218737974552  1.0813137034028815  
-5.024083764532719  6.456976228989962  2.046886768555704  
-3.0851370278359607  4.609424311051777  0.4607293060120879  
1.8471999398214578  -7.05016514471577  1.2672169665242585  
-5.470865244917055  -3.7428461856028843  0.9753010744626689  
-3.0991835414558633  -0.369653608223107  1.9995519774480437  
2.8796682477233873  6.475115721693289  0.718951487635008  
-4.435061950860748  2.3730554102410206  0.01278810467151531  
-3.726987983747696  7.949081268038491  0.06279370264460099  
9.842587959860115  -9.096230014029851  17.396549081617078  
1.2933189409125667  -4.946990913868133  0.7093937276268345  
5.1910833082139884  -7.481851281173819  0.19963111368041492  
-9.032444153615938  -5.864375810413332  18.935599154209328  
4.961294884616434  2.705802792902965  0.9357883872279571  
3.0920909117639575  3.8765790379670726  1.9069452301326133  
-3.150155955861176  0.25804397589824113  1.8311265743617209  
-0.3262157242310977  5.790313763814293  1.7036653462128537  
0.8173658644949438  9.43739612274737  0.7708666941822087  
9.438704347035383  9.955754174105568  2.059303134523164  
2.9259606703609577  -3.21299727626082  0.16144830853368347  
0.36159568215582816  6.049959987051704  2.9705621752597264  
4.548961463046995  -4.841948511065503  0.7323351092294911  
-5.830775333383036  -5.236145980938662  4.522249621587283  
1.4061383125333027  -7.466661474670371  0.8030614542314194  
-0.22927188378006136  -0.3218425512354166  45.48159231415371  
-8.122530215913368  8.225104572479527  1.4940350629079844  
7.568086116765571  4.677653081239184  2.262433235738037  
-0.951397990564999  4.025260339593249  41.39681055301601  
-8.400150565009387  6.98190784880785  18.263789278230686  
-4.05887676045772  2.886131174642241  0.546953997806072  
-8.528758522566111  0.870569169980957  1.1240083508389997  
8.380776724134954  -7.290156080053009  1.7092018726009417  
-8.976234124723705  -7.818627189587395  0.7204486862542742  
-5.043259797942694  -2.175519328647164  0.026449990628409914  
-4.302563457410395  8.658976122386107  0.531874656601114  
8.525092910456461  5.725126020750867  1.5630679284423818  
-4.461237670880614  -3.767250908709416  52.17942934123648  
8.709597055769017  1.6579317539966016  1.8148671559861238  
5.807608926489877  -3.6983562288728455  0.9587754591517497  
-0.1470807261293583  8.625323348808173  0.9246336067478442  
2.136061059247716  4.104269918146503  2.1128707541035525  
-6.128583212813763  -4.609524328036143  1.1695416642730665  
-7.807586866937932  -6.747699764123059  1.0598991917894705  
2.466614829203273  0.05917849509030226  0.32396470996610915  
-9.196589373560007  -3.4946694925527133  1.4067503089883184  
8.146491550524054  1.8172235496980722  0.1261982059900807  
-9.51213004876027  -2.13467884229241  1.8404363267784971  
8.50971262311878  -1.5985705805808657  60.20839449279303  
4.354797429213008  -3.931259694354412  1.54633792468859  
-6.754078226862892  -8.117561476699745  1.9277374054314456  
3.319140325265522  4.5545421511708835  2.161026477477464  
-1.6947751604198125  -9.662596766834955  1.3238360772109496  
-5.4117173129488005  -2.013903564571997  0.17567836979408918  
6.689987745293934  -2.009307750345255  0.2284135318077185  
-6.627574362888041  0.40519879539681725  1.8310967525101998  
-9.677927582471128  -8.599263484865332  17.78104155415452  
4.771963228050868  -4.903712860326987  0.6703568961431048  
