Customers 150 
Coordinate X		 Coordinate Y 		Demand 
5.093512049516551  -13.819227775658264  2.1192583146623436  
-1.457970844857833  12.69267660028122  0.6653383056997914  
-5.050530089126653  -12.145120800510778  1.1174126293303377  
10.758828565282776  -12.602701716493439  1.2399324960631872  
-1.6778212382754756  6.248910979964034  0.03233438092016955  
14.29604580546685  5.333195130870852  0.7290270638145149  
7.343717867584232  11.34870963377707  1.4611522661990328  
9.375142943327084  -5.777981872450981  1.2684896295120436  
4.389050609173559  -5.5114977816361534  4.59734204701592  
-3.9965778481275276  -14.887516461159924  1.3527111259235294  
-1.0305972310122815  9.201420222411183  0.26864371976625917  
-8.63973662171938  6.699821864717428  1.244392235220524  
-7.28903418895614  -10.533138709019353  0.9970665885395952  
-10.844594934763242  -14.852454669647537  0.04647039630843952  
-0.4326360173096244  5.94064688480848  1.3058817629401032  
6.857708150684225  -1.25252668574438  50.41362048691696  
-14.085670009429766  8.253899238051524  0.33385924294618313  
14.19284591878412  14.253949415985169  1.3269139090148774  
-7.324986896047819  -1.0334143225766077  1.4737202545066665  
-6.191654600683362  9.228195153003327  0.35619713052754187  
-10.875633550820929  2.261661043065221  0.8609186511166598  
2.504432052535968  12.22872661255511  1.7077954332375767  
5.5210523241142155  7.965749792090094  1.0255389504264052  
-11.070901704189355  -9.816215363914926  0.4200929772955325  
-10.784705361540986  -11.017698122093227  1.1623885512803827  
1.135854091066328  -0.2182958084849691  0.44258253097801903  
6.381125131932276  7.7231642097792275  1.09936321326611  
14.902576349566846  7.2151679229624825  0.33495926986364  
9.021453593771714  14.624500221105656  46.232067416924615  
1.2099102321497988  -11.884719961458543  2.2689786758191737  
14.394405829821533  -0.6670008726438663  2.314436750151691  
-11.222349052124184  -2.9886067676324757  1.7256579391817537  
-8.490640175816033  -7.351689692121031  2.3814353964414465  
5.057548623888966  -6.84736648141196  0.9053983396850718  
-13.158874146644466  -5.192360748385761  0.6822478449030525  
-3.4190317977911935  -2.9729427618188105  1.9936069478076246  
8.91070077630837  3.198448324034331  1.030702348222925  
-12.940151499126493  -10.585627177113023  2.0493956250052108  
8.881038458641378  -9.914810368864247  2.082008320666538  
-10.860605593188865  -7.691825235458573  1.9099354968676399  
1.8162703540575826  -11.563980280192851  0.4312180335106644  
3.200936726609772  -1.4563800845145511  2.1280453805760544  
-9.247178892981093  1.435423166880394  1.550585847717865  
-5.886595385083083  -5.5335182781034575  2.085591651522112  
-6.769159987692902  -1.2313143680244192  35.79767213105206  
14.331842200912373  -2.520466250130509  1.550278086344786  
-2.565586911607781  0.26416063728791883  1.1368892425329482  
-10.758593043489597  7.802176424904658  2.0684038191718455  
12.588962965774911  14.979257461899707  1.591708818530968  
8.145291037984222  -8.72072846784226  34.23258511762612  
-4.2357046877664235  1.3160919550738228  4.352526335165205  
-8.204999314022938  -12.42490182540788  0.8170949069395474  
14.731723359541256  -8.747258709325608  1.7094277953412447  
14.86143200986643  -4.411613980791609  0.9981709626190877  
-5.976297792024232  -10.723967379252125  0.995999377316056  
-10.754821982071663  -14.575652648398142  62.81894210314078  
-11.15558055114511  14.101811791310894  0.8229663119708097  
1.6245085720295123  3.75966086329608  1.5493246832798524  
-11.020225995062486  -1.231380380313535  1.0186420681100787  
-3.860540754118695  -13.063666614030865  2.4842354695375772  
2.355181458778219  -7.8092751978387165  1.563063698358976  
-9.38953795159589  13.620382885771601  0.5133893910657152  
5.389645591985705  2.75644162185813  1.3186250711651826  
12.189966284693963  -3.6387254802115514  1.4180757094895868  
14.79453239381575  2.057671467312119  1.230467130730948  
-4.154527095108852  8.888055079500596  2.061951450322898  
2.965477544870005  14.336612201381573  1.5767034473906612  
-13.427566033796191  -6.521880812079834  47.964244940004214  
-13.384118707792886  14.735562991593945  0.9735591067453986  
3.735442570043052  0.23454117586704015  0.9034757781575189  
-4.199587442576577  -3.0642271116115065  0.4655011441907003  
13.436158864552354  -12.392081702481418  2.252607077547431  
-2.0230396757268707  8.271258750699374  1.655438256499292  
12.306408873876041  -9.00134637723528  2.049312566820919  
9.25548521630612  -12.096458077072061  0.9550685745150089  
-6.375114125287061  3.7756262781571124  0.45783222520454775  
2.482189865078116  1.1432308273698446  0.16045298647577227  
-5.844095730972322  2.547176256397343  0.0816567691888595  
9.307456732580341  0.504395076349649  46.59178979173374  
7.60863187366963  -13.979654121782442  0.12239893109263184  
10.885990093354199  -8.42233703800574  65.1229444671341  
8.115245881906148  -5.715677662560401  1.6734608129958723  
-0.6424068179377898  -10.692016318932989  0.638361109917438  
4.626445346660102  -7.145997374053842  0.2910753224434462  
-0.24297272973556616  -2.237010494445034  1.6989075988267552  
-5.377236124163593  -6.690364225331251  0.11030037618670441  
-0.4986196745895999  13.977895456635107  2.4116777069423847  
-6.959891986547223  9.868465718982694  52.24183253270711  
10.10339402745252  3.962873704368839  1.518441928572889  
-10.192025838826499  -1.275675416286692  0.5641936145403335  
13.259174337399411  -13.541154161314175  0.2572333605056737  
-3.1012311565907336  -5.508899186269385  0.7629437211758539  
0.9587319345235308  7.5276183875834946  0.9225404222323819  
-6.713321758458164  5.586034404028386  2.3693729288704364  
-3.232209095930884  6.562313445282534  1.7214282414714863  
3.714518282441727  -12.111238356392006  0.7063757198037962  
12.929290310985426  1.8040191157124212  1.880667516983995  
14.667007854076452  13.512059615406184  2.05001044526875  
-4.566965300592775  10.950607387236378  1.5849481153694922  
8.44889978613871  9.020218901557506  0.552347718231152  
-3.298082070109974  -0.056348926970210655  1.9512562697177807  
13.76640568648699  4.93098914829509  0.849896109430692  
13.043160524385499  10.51937648066794  0.8694932514762527  
-11.289642011492745  -14.162972048562741  35.25479422760361  
11.513001247735968  -5.390403814170012  1.1644135452179338  
-10.460458946642749  -2.0172051889628477  0.5140694940238683  
-11.656722939296884  1.178551644635018  0.6589607888258089  
6.162627306127302  8.632830674426806  1.876377062626797  
-1.421668050207522  -11.418392886209318  1.8440793411403127  
-7.282833880384198  9.067351628705108  30.596984711481422  
14.0706863101972  13.031731989145111  1.985080093488171  
-0.855949527600183  -9.458898491267984  0.7629095941758579  
14.483915210232226  -8.740292109078096  0.11963829400721826  
-12.844092022688127  0.041400698857788854  1.8751449741957262  
3.4511589434380348  12.95400051195536  0.5275013120066716  
1.4978464479039815  10.181322259887107  15.665707334041823  
9.537716208381731  -3.9337690074161458  0.37698513573232173  
-5.101000518577068  5.063944058895142  2.1304001936710177  
-10.843850195660178  5.5681839327920315  2.378336916103218  
-7.386697103569965  1.4536011043555455  0.5808650352983308  
6.082342889432482  13.746295522439084  39.154913956597134  
-0.05205584917178463  2.0900847525405624  2.193584032771951  
-10.27905067604394  -12.380452499224566  2.121156443542412  
-6.322083303983344  5.481725728146124  1.3858098819367204  
1.7686660871999358  -3.433279515631135  0.4457325974745302  
-14.254874807268024  -5.98670645649516  1.8588146302304451  
-1.5762258037791739  10.74892633967223  1.974434379275178  
5.140466615256258  9.704655741344727  0.8434308781963531  
2.790378573552271  -1.5866257430592263  1.5234013321566158  
1.3673432278346453  14.456126192695471  1.9022638922186907  
-10.374207825264659  7.664295342631856  0.749451381752869  
10.385023295768743  -10.883548090129743  66.19620977023033  
-7.9205098712175275  -14.2130336946022  1.5936961207710476  
1.4303017152323996  13.209365594468231  0.1274608951753714  
-12.427912527395051  -3.2892226071103554  1.372647978968633  
0.6158981054656714  14.6546433220418  0.8177675655921204  
-2.5372398024543177  4.6972688377110146  0.9718964140720082  
14.704018395855627  -3.6803886528197722  0.6625485918928453  
2.6535629655303623  -10.160913442324606  0.7224322057156993  
5.953531533157122  -6.2629708628042895  1.3804150045770376  
4.779068800914072  -1.5442157255676001  1.6646974909318004  
-3.560814223259687  -14.174700899831539  0.25949301992787666  
0.12977808056616702  8.972413631402183  0.5304397850787326  
-2.258684910469091  -12.053076366468007  2.3485215534401176  
0.9577250339969616  11.366844003715784  2.3974477198710633  
9.404460316047341  -5.8588353471792  0.345246334813967  
6.312727958481922  -14.228258712357439  0.5972476923485657  
7.063352749474486  12.866832261731933  0.8246880348704022  
12.057713372643633  13.317148926824409  1.5808381319914098  
-1.3653073977123444  -1.9088594877184892  1.074862531861752  
