Customers 150 
Coordinate X		 Coordinate Y 		Demand 
-5.300952715818572  -2.324740693500371  1.1073507222941132  
5.851574562254447  2.0929715268789693  0.05156636664979064  
-5.171150006618374  -2.2999677455748717  0.41942436826561513  
1.2524390250350805  -4.318125744448933  0.3316379997551669  
-1.7458525291440772  6.813155890826835  0.01094021444408122  
-9.605127940507002  -1.0453849651057663  0.7205486235405498  
-4.520193136641866  -1.675024857894691  2.2317990129214573  
8.268658405103182  0.9693964276055471  1.3533746764137635  
-2.619697407646866  7.428022422488834  2.4163703713717077  
0.6171134963077023  5.815191201139072  0.9243755503178602  
-1.5150450848362755  6.351910244751906  1.3458251491411142  
0.8606242606490007  -6.14876610072413  1.7470583094104972  
-2.4406924799310463  -6.26179828578983  1.6388429250321777  
-0.019605160877425476  1.8930437846782944  3.4579514371458453  
-1.9392248690475977  8.938369103783621  0.8148353348034052  
-5.559473397527272  -4.451894072237749  1.9710095222025599  
-3.95331825920816  6.937978498585537  1.898826085720474  
2.2265473085228606  -8.095660920133763  1.7134453288746951  
8.112818214414567  -5.389781394555584  0.5621275707378232  
2.0785269699025974  -4.225534665866546  0.7010368413999452  
-3.0593602692017408  -5.998100652147467  26.550446901498553  
-4.003108746050317  -2.300580698205863  0.6331429721456929  
-2.968764767391332  3.3550471334335707  0.21612420331080656  
0.09907162327672481  6.913912254299252  0.7149125439134465  
8.204184137847623  -8.432779224704845  0.8059537834619837  
-6.094891745812891  -2.5227204287388405  0.3380463996007302  
9.439435312523273  6.7936730172078015  0.8615469638028722  
3.1303301892805457  -9.227263667616088  1.5053638073598061  
-9.3596733115401  4.89448060089485  0.9885583116931964  
-3.936753804208757  2.5781689463039665  0.9308150535795218  
4.8958693492883025  8.429775722990286  1.9566077161682176  
-1.3932406878950019  7.911580352955021  2.3715797411440174  
8.820432201115949  -8.093808163828939  1.9264745755814792  
-1.9391574226882806  1.8543216097608788  0.37389214512749486  
3.548934510628964  -6.0223414208282815  2.166214335756807  
-9.275209732655785  -0.4447694724859943  61.16792934108437  
-6.0343105693291355  2.303666687803453  0.8753376085650668  
-6.602823678893142  3.6188052488603937  0.6425350287909964  
8.745008925294012  1.7681288800002175  0.36119274345376096  
3.8516436678765373  -7.919467905856097  2.4590228323469017  
8.781704422643578  1.761961292304326  0.9366922494830188  
0.366644367462154  5.1725016770068795  2.4813612438854604  
-3.410393428319769  3.2325095236632766  0.5335241825399408  
-4.612733059607896  -5.917571408813432  1.3337192671595957  
4.2462215927891584  -8.79705211273633  2.1499882433590516  
3.3972611138611803  -0.09079207415387813  0.014410203610079053  
2.4616620524080375  3.4647713069140416  51.69307587117516  
8.079398595880576  -3.981872661853183  1.623742142346078  
-1.6500335775223007  -8.853489306123363  0.8755911343868789  
-1.1577143832079493  -8.001136082913266  40.71847257049203  
-5.519063536837015  -8.138208610328428  0.2874820490016164  
-8.208243537141675  2.429389186672461  2.281241532409382  
6.790617965518454  1.1398662558114516  1.2188087834789938  
-4.775027467224026  8.648905670996253  2.191422117456354  
3.9285489751632205  -7.158261325346842  3.0293318456203036  
4.725350926416382  6.742943882714819  0.662699201143187  
-4.380099413395224  4.265011661684845  61.317259435966086  
-2.0635524563240892  -0.056258183602333034  1.4203466079557678  
2.6206354723573497  6.640580588609026  1.7750523221201033  
4.092922726054342  -1.3509697051884313  1.470045158326441  
5.843807001320441  6.724294541668915  2.235299860336745  
8.38670830936666  -3.7376434685897575  1.2081493819609082  
-2.7648700779839857  -9.81328143327156  0.9388948345814121  
-3.753491558455984  -5.94193953458926  1.1702894637957835  
-0.024060048279695323  2.504109755612607  1.2343576228194675  
7.608751394801157  -6.725961830123386  1.5999505943098655  
-9.408328094015793  8.05374613074109  2.2475056982596033  
-3.7418730386996373  -2.36458878947394  1.643669744557058  
0.5439827992865602  -6.8832794624963185  0.637761480612633  
-5.684177659747569  -5.4877695557677475  0.604490119119499  
-0.11536162455661625  3.4913329879808828  2.1129141734852874  
6.953594234828621  7.914337158247623  1.8103146670797787  
-9.450704392006523  -7.579795754717324  1.0714749423813064  
7.411791407928547  1.5265092940611886  0.27879873657275595  
1.8693015663343626  -0.4657670837621275  2.366766995016601  
7.399460795818037  -5.01298717429991  0.9854226010900419  
5.8796341842832724  6.5165249511831576  2.311891017381413  
2.9546557500186346  1.6126885695818345  0.16638470678217526  
-4.998888861710002  0.1894188616655228  1.6697062047781914  
0.8430763772189316  0.7736961348561557  0.21295601502897915  
9.674993415057568  -1.2722708526921025  1.4969679559410098  
-4.42683632316673  3.121043354191995  50.680124441336446  
8.528100984112509  1.7013406303832124  24.42318499621115  
-7.894223597103316  -8.129980523318547  0.3278516590561001  
-1.3534219670716947  9.650266205568705  0.8783807262637022  
-5.663431971415072  8.342666274269117  0.791538458950318  
8.536420858807055  3.8953091970875953  0.8287661926926146  
4.429198551501269  -5.027596295749161  0.4967462562007585  
-8.651101128422809  2.2874361251873676  1.3646880599161526  
3.077499561100211  -6.026057359877357  1.9414087679337435  
-9.051004638631033  -8.40099460450141  2.15976904561406  
5.774718216681492  4.881599674196121  0.9872179065527037  
8.404989991863651  2.2599587563047496  0.6055153826493509  
-4.832030564827825  9.159153507806764  2.4801441291223902  
-8.522694350035342  -3.8578859662787206  1.9704876506763567  
-5.423986556531668  -4.9156481769445115  1.4155428133362395  
-5.315245721726464  3.094673291383252  1.866752904122042  
-7.251505299923351  1.1112047246426862  0.8294869691448006  
2.52629433754106  6.9340820934192635  0.017758577913199736  
-5.055246172602208  0.9131883978847188  0.7229681690583043  
-6.56356562353527  6.591355656438772  66.6053711437058  
0.4103501985196534  -1.6895229589328853  0.4506049817464586  
7.0524014654790115  3.1200029499503508  2.330009943691298  
-8.670587666708089  5.284337596071998  0.1305001772756434  
2.3712058426657876  8.267668554251756  0.3836441733500903  
3.3309428697023513  1.2818048883992699  2.2568874228433575  
-0.6252808126731964  -4.685375323686318  1.2787492021266778  
-7.372794452872354  -2.9862335148874175  0.3222078246539703  
1.7008977203340319  -2.117770294568963  20.929268676022602  
-0.137685738043551  -9.050420498810377  1.8802568299046567  
2.93927395429899  7.414484666082441  0.8160659370783035  
-4.250844046505719  -8.28865297631998  1.6070425709571834  
4.128836818782837  5.0358100592477015  2.4593052292477964  
-1.4272345565028761  4.5709753410690865  0.5409959980263618  
-4.963564840540801  8.488168042124773  0.628150790932557  
-1.361718545954247  5.253143968587494  0.8091732305350252  
-3.20618207104779  -0.1493456253531118  0.31207560225360087  
9.741608632630282  9.247303547388956  0.7710911998979636  
8.471447111343032  4.744690298147731  0.4548296174824498  
-7.259092492412009  9.831834055370884  1.136836771740798  
5.167198635218247  -1.2720724012954747  1.9012388360177626  
1.3070427161934894  3.013488093314866  0.7410904389426818  
0.18808478405600404  1.5800078983545252  0.8251134363215704  
4.931107107207618  2.5852405082510224  1.27970464312365  
8.903117382136884  5.183285999447724  2.2574065810880284  
9.267154891404726  -6.494329839195611  0.9404777600861489  
-3.1545623348168945  5.701651619808716  1.4587639466088924  
-1.111737217010802  -3.196997003957211  2.484764570516079  
-0.35815879637868164  -4.239426797949529  1.50560470916542  
-7.465954102078356  4.2069349230154085  1.9615630034806348  
7.347816784126966  -2.66851572336698  1.0838747678425078  
5.927755845727422  5.7113655996524315  2.3607185514482647  
-9.23376746527142  1.023642767532337  2.109612508186381  
2.241081373308642  -1.7288367326572907  2.136887057064167  
-7.672214930113894  2.4865859552866336  2.420468202751321  
-4.715219363539949  8.83609039075533  1.6608955753995542  
9.11134538785656  -8.373696709353338  52.47171123137574  
-4.496732009192693  9.92501009821044  36.039750480786914  
0.5823174457726346  -4.6617390505318435  1.0801077271956672  
-6.148718453352531  -9.056498758985823  0.29468080214709813  
-1.3728546200782112  -0.5396102577514572  1.6870841807853383  
3.630753932375354  -6.551992717530424  1.7806131121401658  
2.462081571361093  0.6491742922595929  2.131525964932988  
5.366016832312319  3.5596443017808532  1.3174598012277725  
5.9943534615063765  3.8819597150381036  30.144746943733008  
4.795455336121828  -0.2692098056809584  0.8011200731954746  
-9.786155850948441  6.288607305686963  17.755430826055708  
-0.9422524169884579  -0.9324177093825643  1.6490788024624066  
-1.8065835227820166  -6.984383788193229  1.3439886372247314  
-8.849193219012419  -9.588549011005638  2.3294961016325253  
