Customers 150 
Coordinate X		 Coordinate Y 		Demand 
14.323776182328409  1.1730013546747422  0.6781811113451441  
-9.910651811447151  -12.108631151397056  1.499774793534835  
-18.531080502050482  -7.825610940419265  22.205083206455726  
-18.37177773550755  8.248126422630527  2.39203899817552  
13.895166396405884  -17.85551176858943  1.5763981729843815  
-0.28362184081297315  3.3914232455935114  34.67606406588106  
7.2873109418456  -8.256573200424295  0.2460959239167329  
-8.459278423011405  13.982888396577671  0.7158210464373906  
-7.220094499109813  8.986861867515842  1.7134242157670163  
19.094623380604958  -6.332103630430916  1.9873865936855388  
16.799218240334397  8.0616292583878  0.44387069265194673  
-6.5160070611224  14.747919323187446  1.9585021749171292  
19.872474010600897  15.956337977399286  44.067675439400624  
19.52874964952653  -8.879075632054146  8.943660983647437  
-0.4393671824571328  8.313150251950429  1.9030402919845422  
0.8159674775635466  -15.103894199462342  1.1999552331226044  
-7.329048110450881  -14.092989390477427  1.3237760612933798  
5.360921007463851  13.089165453670887  2.2332284819153756  
-18.094415351525008  -6.841438027731721  1.6262260112178386  
-17.967704965201193  0.804424216416745  0.25301348569320287  
2.102461101237573  10.086999413243305  1.8539079986192666  
-12.10219502911694  17.3099948809164  1.128086640927972  
11.224708623039735  19.10912428916211  0.7204353775574044  
16.6464730988149  -18.587732518072436  0.2471649147260227  
-18.745146225240383  -1.9091664006131879  1.8677170985313154  
8.243823153647579  -7.464032614599265  0.3504246115390275  
-5.849940344878233  1.0573016235899182  0.9724552874505807  
-10.023775742021147  13.916026265707437  0.9407624586585706  
18.014651649138557  17.96810329093865  1.8200797519412937  
-10.959345863722842  4.307519373175953  47.20871651696498  
8.646174450532556  -5.036469329200024  1.5902617776310555  
6.836118897719409  4.619920258416283  15.907838813518781  
-8.38876409816255  6.488347567465851  1.2231464943794454  
-4.887016484372225  15.881923672880916  2.137350376082278  
-9.992612615577787  -19.300761920753967  2.3604447036084952  
-15.863541064045839  -5.056922022623475  2.0769016160705513  
-6.932713532630128  -10.4378044054558  0.48052532797124375  
3.0205067974337254  -15.681504638656406  0.32164698880256914  
10.761396613850351  5.046105999102114  1.971648387310974  
2.388398457136283  2.582864217295228  0.6895830403863166  
-10.444528855965238  -7.18123469146013  1.01247971802856  
-0.4838157623578354  11.720044788230748  1.8808549731637298  
14.479074763074642  -15.1484052609031  0.25402769371310446  
-3.8846746151978806  7.834463789741939  56.62971130540545  
-7.338613425062066  -17.660702098949855  2.4221426612391097  
-11.08926339431909  11.63058823055778  1.9388160770220098  
-16.50946181135147  -9.659295647749019  0.5847198530995437  
3.17048541715646  -14.933290071523553  1.7900864896272952  
-9.44725575123385  15.547058203348762  14.361953650547694  
9.34340302930828  -9.4107025984043  1.284484163954266  
0.5074566449116134  -11.416003689834104  1.2093321593490391  
-7.039140151398717  -0.6458369769322303  1.2466129806326602  
-15.945186260734108  -17.746528533463245  1.9858673338075528  
17.958940357442636  4.840703609406013  2.3882369140141635  
-15.84838025885022  -12.878140529365872  1.7294444825312767  
13.577292806859575  -11.734556444893744  1.5332008373450563  
-13.36788903552533  -4.139481706905851  0.8306875494726798  
-15.009125528215632  12.201159843259063  1.521703041949731  
-1.6102460680623807  -2.2549722108494343  1.0061284398352275  
-2.1691317962825565  8.807809998288846  1.600560049586537  
8.2763359360532  14.719378481112514  0.5542706129639838  
16.751003249207187  -0.9184609677595681  0.7311050887616108  
-4.125417409917652  0.4313476881629761  0.22948156707481598  
8.195536697407775  9.527990325051064  1.8713593799253938  
3.3005650651133287  -6.354679497047023  0.6028539800764127  
7.525148492709619  2.666193211972967  0.9141183267691053  
15.192142573214412  7.438797170223957  2.4041769936860904  
-19.343008227434247  -12.230740330835022  2.0875925222303757  
2.0396881897752017  -14.411153546903929  53.96090888504856  
0.37515832104291036  8.248154823991399  61.456402787444134  
12.015349833444134  7.5547504165567325  2.0010293476475143  
-12.532201187941858  -7.915226020930257  2.136460476178191  
6.457097775034381  13.46308501460274  1.1207032330511324  
-3.1528408770543734  -18.279404056999624  0.7347014495768625  
-15.836190400263916  10.501498897894042  29.343884757677582  
-1.1912302898942357  -10.192853749110578  2.1047686662246194  
-10.34236762889857  12.127430358024093  1.0441612386334476  
-4.413946202270571  17.22453142492435  2.0658293866365223  
10.56988871637131  11.498015586545051  0.24667261691420805  
3.356589881233276  19.774281732415588  0.3118403882876039  
19.30676151521532  -19.47256080828811  15.094274116301015  
-0.14371851859943519  19.95277283028355  1.6360109027604972  
-15.848979366801661  15.977976276781831  1.8561080898664035  
-12.242302632976969  10.211450938405683  0.570945671446216  
4.956026084022245  3.990972552484866  0.2773473960989292  
13.968811638203626  -15.88986479094146  51.654036444434354  
18.588276128250783  -15.535977185639037  2.2742301818876043  
-4.991590429675261  1.7696264052176822  2.4292456850406348  
9.274730222217844  6.680584422813368  0.49940122584308827  
8.614400233747375  6.029891680648607  0.7034151949677234  
-10.988822589010315  -2.4017159695888814  1.3865903284038648  
1.7412949347117959  -4.2799415511465675  0.6362527470525109  
-16.81212081498833  14.20216820138156  2.088805214828874  
-4.896910189703952  12.446479087179384  2.323125253317656  
-13.411241711620224  -18.67085783926548  53.34379193534432  
-5.582189867213184  7.305108105827401  0.09080610140376866  
-15.079633031284235  -13.630149403785548  1.8135790182192937  
-11.490035508914636  -16.075548558095694  1.6333150331459376  
-12.973114407016135  12.254250412963387  0.35921940006666736  
-15.572834489566647  -15.754675558137926  0.01656325928288488  
-17.052581800194325  0.1271278739748709  48.566105808083805  
-0.27285111319601185  13.443686239094646  0.9834435047037746  
-7.028184650991371  -16.88019980854458  8.280255153396823  
-17.9085385956652  10.402777255269449  1.1160069603779976  
-17.148720783940824  2.624265625079314  2.1052930497840685  
-3.577941645178985  -19.85916024888371  0.536366519723287  
-9.679986223352763  8.476039470044302  2.1539205288700773  
-10.422941920142454  14.600635340252104  1.952967735390391  
18.084152081284934  -5.5480632873413995  0.9576116601717244  
12.901908061740123  18.207051014669958  0.9838675633983598  
18.434219590884275  -9.510959773517257  1.400890468282555  
-7.287790610356071  4.598998356750936  0.8136620884548124  
-15.362611479035078  -16.968884415219925  2.4520006149895646  
-11.115542694554348  0.9418977844503829  2.3657034277803906  
14.265757429529266  4.908715236601214  1.7936948580820136  
11.710933032801677  6.226972472073236  49.56165548609051  
19.616927983579643  6.159221499350629  1.9136495283027983  
-2.8249849753388965  19.963602964108276  0.24216609181409138  
10.383103900594929  7.193085122252121  2.398644896970465  
-9.196857849382653  7.671007357671158  1.3788862933505805  
3.7249872781968847  5.712506787398798  1.8016521298486465  
0.249691892882133  -0.42451534001898494  0.47015996982302244  
-13.093299413421079  -1.2111992805658254  0.5759672341297223  
-13.228979920622796  8.919471593282552  1.7163418253849332  
7.647999702161282  11.504707738105946  60.022959025733506  
-4.255097129014146  -13.711331962991382  1.3327946215771211  
-2.649980331909653  -6.432098604912602  0.20558813374214974  
-3.6083519049381785  -3.6365171302887305  1.9150681490773773  
-17.64919485099901  15.301928601287564  2.072788485104878  
10.853115152121777  13.501036029046801  1.7724935013622158  
-11.633121707480939  4.420844181275999  1.3289335900377488  
2.7858846597983487  -17.446010288008374  1.036831702073102  
-6.72291148565777  -5.006211192329818  5.839104241806281  
5.624854909929319  1.332434102761603  1.9776180568728257  
13.405001985771058  -9.994240082654802  2.4567447036888908  
-19.326514856788847  11.11510025258859  1.5808424923038167  
18.45607027413385  -11.079184772452768  1.3796388557505685  
-14.82304354119532  -8.383871818964256  0.0726072710604983  
-19.73415961467463  -18.34602098262703  1.7929089342255786  
0.5344885427377761  -13.186336282925023  2.194401358985554  
10.51544476483338  0.3580827460694138  0.826188889771241  
-19.192933358784373  18.046508275306323  1.1616333733692976  
-7.429369175735907  10.431797358617601  31.956840113699325  
11.676835142100014  -9.214901636202057  25.0860565225711  
2.600570635902983  -7.844889990296391  0.3822183708464344  
0.014392819158565828  -8.516958298864399  2.475772695903609  
-14.86728755151535  14.358489741541653  1.1266747153191556  
4.210251764786854  -19.084524883745324  2.3233162921463206  
-1.8000903996865674  -8.4680024711382  0.36376642989291247  
5.426709072895704  -19.589516672404457  0.8736924009598668  
