Customers 150 
Coordinate X		 Coordinate Y 		Demand 
5.088136696149416  -3.6465640264153176  1.030658494365924  
-9.245333394277534  -6.933395985337249  0.44045758586319844  
-0.9697861016838267  -12.3951430827143  60.41554790164965  
-10.393848526231277  -13.607972320022373  0.2701776303277281  
1.6463001082714257  8.144942159186414  1.8495863763171654  
-3.4504421142357806  -5.587108508445226  2.1789425662870165  
2.9449614161592557  -0.4633491760884585  2.1872512898628367  
5.964767743535301  1.5330874266026555  1.0802395967162521  
-7.8717455629211734  -4.442121497369829  0.25960857342600563  
-9.856435698764331  8.932863413252779  0.6439389936887139  
-3.403003768502698  1.2460146476140501  2.065338226465647  
13.848793724510628  -5.258991970055021  1.0453106976827207  
5.491555880960782  -10.890133509095431  1.8983530775510769  
12.452023845174036  10.886111937238208  0.7724205936077194  
-9.77089078377671  0.9073717198010964  0.41168013950964616  
4.860623335969116  3.7753462120322787  0.1188601300262837  
1.9982875778365923  -9.112451371302656  0.6020269396102185  
-10.054783618783727  3.449193842631118  2.1137623613155605  
3.672161435768583  13.895116485296914  1.529485536653553  
12.67843316219276  13.360567178558153  2.266057688089454  
1.1004998063768738  -10.763776121618669  0.2118278402236276  
-6.304092566748835  -9.573245477405557  1.624921649193477  
-3.7577642120133206  -11.29627796800737  9.255538996079764  
3.490449330631211  12.502634693920317  0.7833692885658137  
12.099082506160833  -5.339577582174307  1.4291840509294613  
-10.049665815346765  -12.07641446100996  0.5769475748332942  
-3.088768198432115  1.5787776623492107  2.445135199822534  
-14.547349994120106  9.266541088756973  24.887388839783885  
-7.423922507155564  -8.0645840837637  2.4698223948164086  
-2.7773732419414205  0.9776190920476928  1.8228186194763962  
-0.24910333505516924  14.85897461166363  2.3462509192672236  
-7.830094041832298  -11.985232411267633  18.024752427218687  
-0.399570749247637  3.4296666807864966  2.266664411464206  
4.912665446234815  10.15386096966909  1.1766082118998333  
-0.34970729079360474  -5.9709813210563905  0.6936652151770739  
-14.799442805302418  4.1066877050643456  50.15200387599805  
8.70717005606286  8.638214556451238  2.4715504467953098  
-1.5526209650542082  13.099263093953802  1.6539785398934284  
3.306704250746346  8.483488322336637  2.1923176643968616  
-9.415570993398765  11.058908098858442  1.827339493599692  
-14.349954087409438  4.926999120352928  2.0057922825106442  
-14.054523158263724  -13.941469922988151  1.8240024961956316  
0.4899799938506497  1.0016259256551585  33.634271461499964  
4.394283631711794  5.166543119452431  2.386590836616835  
-14.07242184073335  14.488122758554411  0.40955335516037833  
11.405621399676544  -9.649134626001725  2.022313553997152  
0.5803130048802281  -9.066932623101247  48.65275053039847  
12.310711779985507  -7.414569160119021  2.2266522732774376  
-2.9174363449571317  -7.493952750775584  1.2400575520516761  
-10.581961566694366  -11.192346766426343  2.1755840376736564  
-0.6205379421547903  6.094511076360149  0.9919413067811711  
-11.779541119328258  3.875282766350672  1.7632942328895227  
-11.224990258576792  11.534733016389431  1.768625932067612  
6.399559432907459  -12.828917966274041  2.487331472097853  
11.19540339901727  -1.6226792136201453  1.6497403096898342  
6.838190298062276  -8.996223614060284  1.3081585924551424  
5.6285104646284125  -12.9142912391858  0.22654150178241045  
-6.64788909128286  5.453698497635148  0.7350526566283977  
1.2004265651424575  -1.9339303011759839  0.5595339764183052  
5.351695739337288  11.811579153133835  1.5153067503677637  
-12.149941530542142  9.427087337747345  1.849742363522688  
-14.85537046206234  14.258907765247471  2.4286866744949487  
3.062664644005661  11.868021026419832  1.3880908813974102  
-10.90947273342739  -3.0616855794828837  2.31409653306033  
-5.376705423494435  6.593509776621417  2.4723426207017973  
-8.681573326104251  1.0624016626835235  0.080405068066495  
-13.148937669892142  9.653541765187256  0.6060517330369966  
6.218078288983026  14.209462831612647  1.5783868728962638  
5.275193478108413  13.607035547618079  0.9189818041117864  
3.4159814302171156  1.45453372142563  0.3357309495158414  
2.213781551938819  14.907463709564222  0.3734429929758115  
-3.5529024995686704  -4.515798365435494  2.282070462194378  
3.2161911409620174  12.908964099431568  1.446002167247165  
3.833176868653183  -9.656375816521646  0.21598576165510058  
11.830045788432319  13.89136959200112  2.0990179266415807  
8.778642903103755  -9.035818753891057  1.890934960807686  
-2.346257483984065  -8.997403614590395  67.5141021116044  
-8.805032555863772  8.12020773299481  1.2220642291092834  
0.13541882777291114  -1.4831717366117942  1.9234263330935368  
-6.735529223548829  5.9632401834217355  0.24085177005419234  
-1.9206754686847702  -13.693066080619774  0.41393044854713873  
7.254492682729836  -3.2177852098452195  0.0495377047189563  
12.320524450559404  7.929557680161235  1.8762123022215993  
-8.207135714738179  5.138056799219857  2.15229369547771  
-13.471127031599968  -6.778684862352872  59.62193387811388  
0.31562122273808946  -8.978905809595862  2.1650852592461614  
-11.396798103575591  3.8045346970658223  0.45663979441123437  
-7.102102519965355  9.179738490669731  29.516907921830306  
-7.38334566014974  7.400988396601214  0.4018319168948892  
-9.821066510882092  -10.731131915158443  1.9942531663094032  
8.77410046687124  14.352033560669735  1.3883468436114133  
5.592138936484169  -1.0336509473457731  2.206049017481061  
-13.657418514845281  -12.756376829429675  2.3202474815470238  
9.6111463539558  -0.29386775071993654  0.9705424658980242  
2.0157072293578864  -7.965393261814438  1.7978273593508338  
7.22279212845045  2.1763703756024277  2.2515622124796444  
-6.327041643727529  -13.413238091401276  36.06564835594481  
-12.662031616379267  6.230983250037827  2.1958244760808125  
-13.005183013157831  -0.004995718192340348  1.066741477651433  
-9.648728583372893  -12.636889665694808  0.5483310368078559  
-0.10532656109819527  -6.383799743301672  2.0172744834081593  
7.560398860120806  -10.611104511247843  0.4620847930759314  
-12.771559734042844  -7.8049734123371985  1.6080538834191946  
3.6562187940079127  0.49003429245739305  1.8290764988846855  
-14.257182106906889  0.9853159856567881  0.9804004855482586  
0.9944600713449816  -12.736475790146914  1.3844949414918541  
-3.276858499292768  12.265318819518942  0.31600001117999155  
-8.140044646918232  -11.0729509433263  0.9611144681054398  
-8.698248564500334  -7.854671480508514  0.47179863962131946  
-7.565628859665518  1.3284525756072725  0.8958125129296252  
10.887824175491126  -13.933901272892331  1.9398808505920762  
-10.32162693728853  -12.092287318594824  1.2151701204889354  
12.679600987599411  8.886496440624285  0.3217814105460082  
-10.16084666470007  2.25987766783172  1.3521093272851537  
-12.280051601180269  -7.0411743178300545  19.050162537928408  
-5.205738733239201  -5.55261266440213  2.2705197457857023  
-13.543803216246628  -14.90974322842687  0.8679709877101403  
9.942678706807413  -9.28977464200658  0.4998277843896082  
-5.734816186544782  10.788805344289724  0.9175423242758496  
14.854070810196404  -6.277669909807171  47.20929128154392  
-3.0955516022075518  -8.30770536622783  0.9824148084722837  
-14.61284621801094  8.042713938745202  2.0541649775795268  
13.350507007185477  -10.421267584792995  1.8429969677740106  
3.488118698390899  2.9097187207410293  1.2301135896520705  
0.9851551001970407  7.856557365117766  65.31523166749707  
-11.619958778495505  -7.973152482082838  1.6387855936514737  
-4.409271998467872  -1.06683008301159  16.703556066347073  
0.3542277016917019  -2.5113845691402954  1.390540964281388  
-13.884742972125343  13.36020348499137  1.580864588686481  
5.874417874631259  2.4948469980733954  1.8368622767231866  
-8.331537417801584  14.153966111642394  1.4804438071493877  
10.204802022842753  5.001870061152015  1.0292099151158611  
5.709520684530403  -2.810513269723277  0.40871721933251115  
1.2727703500713403  -8.040974429326075  0.10344462946765998  
-10.11246450441002  -13.93338803209452  0.12172140323747555  
-4.022654043700975  -8.721041910275785  0.21677114472913372  
-12.504335640434245  -12.653418355623526  1.888543901466524  
7.654232349304657  6.1900919610355025  0.7891557900124289  
13.999823675622654  -0.4424690949448955  2.2685226472572095  
0.9084136930106776  4.119759459270668  0.4261704919555334  
-10.397079887255604  -3.13265620981171  2.180223786970624  
-2.474748978003202  -10.243601365067521  0.025217795223397843  
-13.694461169734973  -4.177690022036826  0.32665118832428675  
-5.328999671039288  -10.560729592382962  0.6920882296898092  
-10.575967451857487  -8.949990719093803  0.1661408212153359  
-5.906298657558599  -8.47587598551576  2.2198046314125817  
1.0269433528454819  3.324868256559398  0.2433928720167533  
-1.464630169374887  14.873257018901004  1.0067059476652926  
0.2506972831099681  10.89482982885109  0.8200953183593676  
-10.933571833047738  5.118394738299486  1.9157233263723312  
