Customers 150 
Coordinate X		 Coordinate Y 		Demand 
-5.293786174042174  4.11170764084237  23.05521853161208  
-3.765275073829393  8.261068903750044  0.5013278063229767  
9.387858010124525  -1.9666047026368467  0.733215473213571  
9.456008778410375  -2.977764939743688  2.271147693973182  
-6.178014026516722  4.28511461655355  38.5626300356584  
-5.94314404757016  -6.484979516637887  0.32071754408974057  
1.3448151672348772  -5.925613111407319  0.7796009655938494  
-7.184174959864336  -8.778695971132638  1.7298748537640551  
-6.271969178187222  6.002187674823624  2.0572556336038863  
8.430257595179995  -5.945315894124312  2.3419198147874916  
1.6481642278640614  -3.0408823221852526  0.25243613574233825  
-9.124083463704121  9.79631841625936  2.145221347233201  
0.5185207601797259  -5.785805219021722  2.336269947009214  
8.918236167849646  7.574954975497299  1.084662674606475  
-9.488218811781374  -4.350597342873201  0.10323854441141617  
-2.8966942406202367  8.844275397393368  0.3908175435940353  
-5.3985947442067435  -9.906887653632108  1.3624906551395006  
-5.443279974720012  6.310680440384754  6.161407739935163  
-6.550046824053746  -5.294489734433392  0.45059700644405065  
-3.081589451219118  -9.735363437226535  1.8813157262761213  
0.9724616231779635  -8.630851397258837  2.216137647645782  
7.741590448306198  6.768715123718469  0.7988905402338922  
9.402990316088829  9.037751111586743  1.7515120672099684  
0.6839375062290838  -2.844554489481075  67.6950289639435  
-2.307533317111366  3.9963933887365943  0.2723627841638268  
8.819134498048012  -6.711896154751966  0.06931631189018017  
2.065959753009132  -5.013811884242072  0.6700029534371199  
2.3968989455530387  8.037572409347817  0.46632144145671794  
-7.432505474993622  -4.853406694589452  1.8872392045717188  
1.3796238632229816  5.428383839652209  1.8231351662650765  
4.420548235790573  7.72847567329341  1.8929793406842501  
-5.916246772237734  -0.09291878886477178  2.137800014376327  
-1.967660665665134  -2.468950292395535  2.156016508283058  
-1.745979852482746  -0.813981360323961  2.331472437950875  
6.470045071471258  -4.9841806572674425  2.1433796697145695  
5.898671610692512  -9.884276463640312  0.08889040390404473  
-5.762936275668458  -4.949355253442316  0.4936414114202972  
-1.7861968302531839  -7.961048445895376  1.4333691617616582  
-3.822546060225724  -2.7629360416009563  0.14057405599311346  
1.924930570133176  7.079554911100999  0.12421483888279766  
-9.663329059353947  -0.2260106457102644  0.2875437514830592  
3.373924511983377  1.819287830281791  0.5894470498992097  
3.606727459858126  3.810905845296924  1.2580338598439134  
1.6794282513322685  -0.1843193428415031  0.7317208969701494  
-6.016096234513466  -9.756301614841439  1.3726885659430323  
7.298889146865509  9.414099093674409  43.64288882960007  
-1.732871467599196  -4.093771012567069  18.96057209513076  
-2.6796745020862307  -3.6928779524418287  1.307245271387797  
-0.974834794569464  1.1107900833740203  43.867013108425056  
3.811955756363501  -4.705645316157714  2.029886919068419  
9.660714433704033  5.4905661926463605  0.9450136594976868  
-3.442187498711357  0.6958100290176166  0.3888428432565283  
1.3995697543657428  -5.902789378475268  1.1004124727733557  
6.507469004031375  -0.12802264638373018  1.7131011357517267  
1.0329473871078871  0.706687787143851  1.2127216408104704  
1.2680009215479071  -0.6962954257821092  6.453094007609648  
-6.7588871364033665  0.2864817729673277  0.9377831121292407  
8.966311690805519  -2.3149762214806513  0.5488905867528715  
6.326432058750758  7.577312922355954  0.1932684682507474  
-8.190059265220299  5.482035938591967  0.9079027456776791  
5.183970987080926  3.7424784236006126  1.6619425672622243  
-4.325514711988186  -4.589009974557586  2.377554815102442  
0.3377717820358548  -1.9620536746639434  0.7999633258756661  
7.0457601676825945  -6.711326664940598  1.878247742148491  
6.870923410110663  -3.5436743587765633  1.250606754636478  
-6.355186665848418  3.7082427256327115  0.5630432843168665  
-7.922441439022821  -5.702160848402831  1.6888090897140293  
-9.936065469071927  9.993619089556304  1.9574490476198136  
-4.335099817225283  -5.378576501885055  22.069202426078327  
-5.258230069359433  -7.114426283179203  1.739979739149951  
-8.6665205819337  -0.47092144025342364  2.2970304386621616  
9.605676053656651  -2.5873742558368367  1.7513878977858852  
3.5636548170981825  6.23659741166297  1.4903470463797541  
-1.2905653223945315  2.3998821777995687  1.4454524214101987  
-1.5634458631672317  4.883796024140301  0.07886825351055476  
7.194451722653504  -7.931059868855909  0.6192172416424746  
-7.682436016967154  0.037371171820037574  6.951077899540731  
6.902571814563789  -5.818020661927903  0.3855698241942304  
7.230495309389799  2.839507945614111  1.1886390188761362  
-0.031375791179682366  -5.816829307392853  2.476050337105858  
6.7505471997529725  5.755367870793275  0.44948457359178295  
-3.279165688954871  -0.20948051214135965  0.0867823011859889  
-8.7558067778373  -3.127425297788868  0.8610604015066068  
9.217218414140838  -4.508719719040039  1.6054149874933785  
-3.7158825998959326  -4.294167672530951  65.79246349835108  
6.746091566049351  -8.605944946711402  1.68196876733721  
3.067325132765152  -2.5402106842230276  2.2388420177549158  
4.6188128940820015  -4.109293026641985  2.2314732884804362  
-5.335448211619798  -2.296716499765907  1.0979080832721524  
2.5828865277945567  6.581217375905194  43.92978920716483  
-3.0709061445934687  -5.591911567146628  2.3975420421496776  
-5.816442205441601  -1.0853970836323583  0.6010072394364835  
7.893191485091734  9.305285712322306  0.3101011895142605  
-6.597988346069663  -3.000976356482356  0.2778051295730202  
4.480083882912961  -4.487610356816091  1.8176894894234676  
9.898314982123367  -3.9657934509603088  0.825169827984543  
0.35986295517769307  3.384349567534848  0.5658247420647058  
9.187214292040832  -9.180693752889393  0.5378587957619674  
-6.222749308418647  1.5415529006575568  1.0541718533493183  
-0.9250753112766255  9.78933315422114  21.652241111934355  
9.179426733092463  -4.972043255119283  2.3147334636003807  
8.685026265031127  -0.9667314128756388  1.226227577203077  
1.4720287747400302  7.552468877910762  0.8528887170583175  
-8.598401477995852  5.746994615952259  1.472713076573261  
-3.268549684477069  -0.23329117885064043  0.7516703299423435  
8.057717214362157  -4.425834011998752  0.5160364534015799  
8.201566898677871  0.5322687411583402  1.9646707574183124  
-8.302565480168202  3.2881419754500545  2.1527330136966842  
-8.596994927275553  -6.869398537480147  0.9479685299070895  
0.23937393630831494  1.2681115719867346  2.2334397972882627  
7.183089835883866  3.3686623487990293  0.9064643856175902  
8.370059166412073  -4.7774675751943025  0.7025215183310283  
6.534589115626595  1.533424730264743  2.055019070676022  
-5.004894735797063  1.6130063471270724  1.587067217341701  
-3.9886174477163987  -4.851599447541117  0.4197822288444947  
7.576395028903331  6.231724463686255  2.2731495659897147  
7.569177161790023  -5.514713628695372  50.448721159380604  
9.683369367427751  8.385595446614477  1.5322360184607828  
1.6594011698093922  -2.2161388465623073  0.8764187638842837  
3.0865505872560526  0.14019510956461545  1.3856438809992235  
-2.5956087092617093  8.133261818903854  0.23449429118084147  
0.7214298746456933  -4.9233511196478785  1.0199286238333363  
8.682008171106673  -1.0322389522441284  1.3814323133525677  
-8.14916193126815  6.0145831847911495  1.5910971904400475  
9.947798996163971  -9.869830735620482  24.869978173203627  
5.753932625638363  -3.845734542365598  1.380535870496995  
0.6228328894579249  1.4559935167204756  50.27286571850421  
5.269914965765166  -6.908942958620625  1.3905445101047187  
1.875337193904583  -4.1685324353503255  38.93576971399514  
6.524613333549382  0.155306884488283  57.319993391104944  
4.624255942819644  8.678589619929081  2.1218899170494705  
6.168050280248959  4.530808660656538  0.16460481054710124  
-7.407141241578772  5.820281903003885  54.36474214986247  
2.451122895500168  6.604949965735116  2.1849196629853957  
9.24052133726262  -3.321193776091036  2.4223213169607325  
1.4695162393024663  0.0036709985353375885  0.3628884171255273  
2.400806803186356  -5.239447118240617  0.07402217327675542  
4.902983017565157  -3.2356310182864796  1.026928714629568  
5.45396983231625  2.3803357490083226  0.48792684411264664  
0.5781050354861694  -2.9001388903958736  2.203169827390106  
-1.1379897025186452  1.578310089884134  0.6560317004664001  
2.182666938700045  8.206541534140776  2.2491635242962205  
0.8944008697858337  -1.8173544678449556  0.03910315844187995  
9.459769548382692  1.569848901024013  2.130326448728389  
1.3726104073355323  -9.028926725169335  0.5177568849368417  
5.209800336239862  3.220177712101119  2.052003517251148  
-2.738442745409964  2.8844383118210715  36.29742341144266  
-9.57160792914285  -3.6076498248716575  1.285042939619723  
-6.063895403403792  -3.754624990895472  0.36547422723591266  
3.9084929927913308  1.0417783896138406  0.6477745126113671  
