Customers 150 
Coordinate X		 Coordinate Y 		Demand 
-5.272286548712981  3.421052643870592  2.316149210159662  
7.384175123849413  6.765360140293602  1.8506121253425345  
-6.9351167475538915  -0.9665158718459921  1.6745887508045354  
-5.933282855533426  1.0433165803023758  17.949533499685465  
0.5255002892724452  -3.2990083121966274  0.4729243630268226  
5.042807631240372  -2.803763767280696  1.6212245292547305  
-1.0601608152045685  1.3226209359619006  1.4230068981168325  
6.457324647209894  1.9770268326528182  0.3593753485620277  
2.7712152121684817  1.724683729851213  28.173682139949236  
-8.130310108203123  -1.22683717991446  1.5945525709434818  
-8.862207536011699  8.78073938095682  54.17345030330547  
0.9217948533526403  -2.368427734766943  0.8397104979542149  
9.396159586442373  -4.357825422670956  1.928550975687421  
-4.268240143992356  4.620689144000764  1.7289614535578925  
7.864799061994066  -4.217496086797217  0.46844817323544896  
5.091643826147319  8.732783508263502  0.6502416822742676  
-9.734425391295392  -0.4414849181921525  2.253484400649484  
-8.45276212247186  9.529703925893859  0.4186576359634245  
9.461358060541311  -5.008613859997146  0.11600531356273286  
1.4380612854157384  -6.264850347352954  0.42215230639884416  
-6.932072699682925  3.4708969634535016  1.1106826992684886  
2.9756889254454073  -6.023397112485318  1.2961332444984908  
6.518254970482861  6.085862449999823  38.071107143505586  
2.4385351550861607  7.880044683131501  0.30870194199248857  
6.157315212081343  1.283910931037692  1.171589749016453  
-6.4387867703692825  0.7205769652318832  1.76312604875853  
-0.05446752157974544  -0.43626569452201736  0.09537088508696084  
0.19660461832406817  -0.16791965778368834  2.3491943064945504  
-1.6510007732612912  5.902931418957635  2.083281771448577  
-2.671243432505028  -6.0209717783262935  2.0000953553101297  
2.9945845972741623  5.624575524202777  1.702094288738154  
0.5147343786876171  -4.1064156182776905  1.4364608340732574  
5.6680616280612846  -5.594376082048873  0.3446423808936  
-1.1664474398893727  -8.818889972555255  0.704213241915209  
-4.766623544025088  -1.869698068561707  2.0748755598291484  
-8.579684955309045  1.7972016688270624  32.311925329864735  
-4.948813096663203  -6.708420779156404  50.93208193158078  
-7.336318072472656  -2.7006092321394544  36.713834889649426  
-1.5252104207384853  3.6438694916187497  1.978718030864074  
-3.855208127050453  -7.923377234074165  0.6197908212375824  
-4.9984295053465155  -6.189926459754038  24.51057141798114  
-7.604234756429733  -8.240354007916704  2.4137044306875537  
4.6580913164847  5.546094810197864  0.9315630407674433  
0.555912780199213  -2.9845640389953925  1.4257258981605196  
3.1969493895089904  7.365950176866459  1.5407895336949755  
-0.9962270521447216  -2.0712277008639557  1.238126462391147  
5.683527972379105  -6.769399163103291  51.76305686289334  
5.043105905990121  -2.8258944202542153  0.35775473301876026  
1.0507618523122737  -8.996370258017715  1.1888011917154073  
-1.2790341229453688  5.180826686085727  1.2433868066783347  
-4.799951654672833  6.376888813431378  0.417608602744608  
-9.144019681443629  -4.504926549877251  2.2116467012921612  
5.226425716954065  -7.030756281335431  0.7452234661506363  
0.3549581197743539  -6.4588070024772275  0.27813822789074766  
-7.653856482988434  4.301535124615928  2.290275972061995  
-9.104047900964623  -3.014012755226439  1.115428236511837  
6.1047496945722095  8.350892106814776  2.0163317869951225  
2.055904728240794  -9.091129739069153  0.4345225603970851  
-2.556178778115463  -9.612489182333588  0.4479168693897759  
-5.03900553706745  5.981052869933164  1.7214753587197822  
3.2044632423856036  -5.202969930604288  2.4418707252915657  
-2.4621831800062655  -7.143109492461068  25.707206128686696  
9.64569795814182  1.5916298991821307  0.3831687625055255  
-0.556484653901661  -9.019488652041058  1.5021226144595174  
7.555874083304957  -1.687026999967296  1.2993540383288011  
-8.247001443843594  -4.989144799191896  2.452321466096578  
-3.464781474043905  -6.969880891764928  0.012719301330210153  
-8.518643356235241  7.068242726647039  0.3987869195551777  
1.027651439169519  -0.864467322028041  1.074380162451852  
-3.980387894241475  8.005603832609658  0.1464486364942108  
5.680002247911833  7.642315275043657  0.34937930869859024  
-2.43807848985925  5.907491501909783  1.5746074781454953  
2.6067324444123035  7.685776910803867  0.24696335837509742  
-7.397636407433437  5.020001127037929  2.445413364163818  
8.138311550304756  0.9324856458708108  0.7151720289924155  
6.5794248011831336  3.314722345499316  2.02060112604687  
-8.368646322695207  0.5999092376842299  35.089674703905686  
-1.253679693777519  -8.110146568317775  1.043125176430396  
3.9186478226891897  -9.210224504516894  2.245437535675777  
-2.654731700329074  -5.588406230186331  1.7653333778423008  
-2.022790552091145  6.838282849156517  2.3070343147853927  
0.16384502158780734  9.798948484905019  2.330320988100389  
-0.6075303617099514  2.386277811764568  0.933953247681639  
0.5515432557804107  6.355063885888377  0.4381050100581166  
9.19673460756168  -6.127469008806701  2.0278293849276112  
3.9746630725122962  0.5482210923238213  1.8532597297507882  
6.660037954639449  -1.8467694340852265  1.4690694929418182  
5.187655623800971  -1.3543841133901253  2.4356543853194697  
4.61150994274279  3.9508262214207157  0.297568078834346  
1.099048619970489  4.403042179299296  15.624431573171293  
-5.130612450620118  2.8353378429409464  0.6108612180210462  
-0.5899234718108737  1.0136123448589878  1.942375349846532  
6.357795964775988  -9.558734015671481  1.9238586101089885  
8.104139204274496  0.5186340506502756  33.17464707818054  
3.488418879781099  -6.376783528428205  1.3592949311589946  
-4.134781594004422  -1.1162292730077024  1.5540507601707445  
-2.6148110141098364  4.2533786940128575  1.6630403303985029  
-1.4966269320666132  -0.05638918548563687  2.1629743128663703  
7.53011975370223  5.3639662164421065  1.6634116051518675  
-8.534562429276654  -3.5822316826999323  0.7551016576975769  
-3.5915950049314382  0.33775971218333645  1.918624144205208  
-6.490945535434449  1.2016435233193263  1.0530952890671263  
4.730910106476639  0.8498669598152091  1.4215249626535695  
-8.38184261383591  7.134966867685936  15.583017467038248  
-0.18781566985918197  -5.736170378157837  1.8557487252132978  
2.238039652295118  -1.548750415169593  0.293483619582052  
-5.3178893712224795  -3.814799362330909  42.387809066308364  
8.908121735967473  2.1112678504160183  0.14430854357192324  
0.5093265338492454  -1.1242829681904727  1.6816524782507303  
1.3705532573871455  -7.776292215621932  0.7929887366919832  
-0.08546222133828607  -8.768804901074418  1.1776598057412566  
6.2327694012119  5.756088628182734  0.4889582486938532  
-6.248153695818912  -8.973731256684129  0.8421606322136022  
4.262124726320382  -7.260900634698972  2.2252809497935253  
-1.0637755672664113  -4.870901022469118  2.2946764680745018  
-5.609263948500713  9.167464756889643  1.665078572353783  
-0.10474484167331255  -1.6108179367453719  1.3841886746723453  
9.508651869843376  5.8004720383607165  1.315670548655046  
1.223263643231686  -3.098625684645979  2.1411862403426882  
-5.876520471762985  -8.934721131807743  2.132065134268694  
-5.884030444678354  -3.6507346264284894  0.23426073117588458  
-1.0354098420905906  -8.73386935458256  1.856443103999494  
-5.8362213697181  -8.868979802063315  0.5503889816984628  
-7.389968748672226  -3.6973884875652345  0.025274795136336903  
-6.918156161754776  4.970819953244574  1.643044025467304  
-4.785733575614277  4.100051348124445  0.2007102389824364  
-8.044982033764063  8.719019207455752  0.41727548269404363  
4.414872408162733  1.9552194754123597  0.6078841798590251  
8.57582516475438  -3.955849049529487  1.0458987686852104  
8.496315640432599  8.00042247088368  67.60112344289399  
-3.5464259850558744  2.719905947840486  8.681508506415481  
6.888933583813564  0.9891390357617507  1.076263513337804  
-1.927261676431149  0.2101993094185346  44.14342350394828  
3.081246568005076  -8.393690535134109  2.3290175180019848  
-0.021270456654281844  -0.7445329702240482  2.427880659588968  
0.02372304782971213  -6.493587774171099  1.4688667560389324  
2.2691904531292977  4.163300761027875  2.0741370998980484  
-6.897871604138068  -2.7175546658004617  0.2672855259120671  
0.06892609787741577  3.5065595515823773  1.2113841576106816  
0.758575203979051  -4.4310589866028005  13.730283933643026  
-0.43339375774704436  7.9320711327909095  0.06287403599216868  
-2.1615943403491116  -7.5178566049153055  1.1548147235114812  
-3.8086412349399357  -9.216940748158605  35.56006723289795  
1.7410282926402516  -4.399537599269722  2.0689264657360456  
7.507381542846225  -7.76158634381487  39.32667875812987  
6.452835634617184  -6.3116591385061955  0.8046537376594604  
-1.5953037268177575  -7.328069265823052  0.9131069147940274  
4.540325236370752  8.3666529345914  0.19293527658586607  
1.1641692527541032  5.934652593090695  2.4299310345223595  
2.181552522272252  -7.067239110504504  0.602609745547892  
