Customers 150 
Coordinate X		 Coordinate Y 		Demand 
5.147260665804698  4.454134731912291  0.5052564058678277  
-13.58434445659114  -1.0465948613250529  13.350612206521898  
14.142032718654086  -9.644898425510421  0.18636811681721377  
12.28559948042328  -2.5499974693434453  27.062004267493645  
-4.919035150779335  -12.711396788946246  1.8598145387089193  
11.76092544952801  -5.463765346724561  1.2298719645836929  
-8.668721641479545  9.46929549725818  1.7001620668138977  
13.478892259035884  11.111325584047488  0.6509904790105994  
6.997012330120878  13.79474295197927  0.7844776460881486  
-5.397997106585324  -13.091319675635297  0.9404323365129763  
-7.306526044655238  -1.2445253707220232  2.3016986527723797  
6.474958574876073  6.287956636163287  0.7352074615869455  
14.905062876700473  -6.963189814188883  1.984201735677681  
-3.810785863379861  -2.238119397400487  0.2869684233156411  
2.9499089651522077  -3.726600124013169  8.994921671654074  
-3.171446831408497  8.468743442419335  1.4278043966910108  
5.074754117906679  1.9174053315933541  0.15218216454712302  
-13.330860046641945  2.3015091728392107  0.9584293115022404  
2.7035253154398298  -0.31872508352082285  0.9160673957849008  
-14.89252775909622  -2.0955215262662747  1.257591405896811  
-10.636969805007988  12.516031348799618  2.3518270208173004  
0.5896782453839968  -9.751554275977577  3.4571717703786375  
8.309214556145744  -9.413971712865601  1.202478493439632  
-6.6844075820466635  6.995282716628122  1.7873296783282064  
0.3774150673711123  -7.798904415352097  28.554157183435358  
-7.008949079976906  -1.637112859513735  1.5989320924252688  
11.080056647436855  9.167029684079363  0.14164308693154354  
9.401840680506027  -13.298561946843057  0.13974736584239283  
-6.524784949920683  1.5153459520082144  32.95926047990682  
11.082742737887834  9.491890844583587  1.7305790157295307  
10.829496584518893  -5.926751245370449  54.80292761762671  
14.855103974200809  -3.022349437211224  17.08709379999455  
0.5986646644303413  4.834745237699174  1.029145134455146  
6.5063795063607905  3.1403616899865803  0.693299766549069  
8.749454165603055  2.5938458723901903  0.5680743284273506  
-9.614923063783472  -13.769246983615542  1.2418892084939595  
10.94600842579829  8.80078421172589  1.6222212507403682  
-6.815453710605505  -7.434529440746448  1.0035662898585178  
4.624377855382704  -13.897796386803371  0.9789149206162034  
4.689047514840446  14.800844550615132  0.23589552954711934  
13.47851923907616  3.5262306317325454  2.185475357246351  
-4.2444617424462265  3.39451606504727  0.16847437339189697  
13.381230003527286  5.773395132097907  0.17313438324933983  
11.304615788072663  7.465870875581494  1.5755999868393955  
6.263455413467742  -8.425685186777898  2.384405129372274  
13.594052001410013  8.766217061546804  1.8299234470740242  
-4.024588311662029  3.5750910060054224  2.3902279930528594  
-1.4516421723103274  9.96963585142014  0.4859195388862472  
-12.347046162078804  -0.28864398762607735  5.335399935007636  
-14.58218336226473  -14.004548611245273  1.5670004796653838  
-10.387369908708589  13.531899848140878  0.858365313521172  
-2.4595794728303915  4.573256727354959  1.3551013866694732  
4.298863117000444  -1.5671759664760145  1.1174460928014431  
9.480154650212263  -10.238575467071797  1.1065661286017567  
2.306692085700128  -11.736848588537098  1.9585899790724681  
-6.684944336376212  -10.369946568055415  2.2431609089849402  
1.0035106322241525  14.262837625929514  1.7872140785786779  
-5.651508983393915  -13.180723079686787  59.931569876404815  
-13.226752938216427  5.79411391092777  0.6097227615103951  
-5.982905688678509  8.18387571432212  2.173523220029254  
-2.5935886480181445  -0.1728960833509685  1.1962773074921793  
-14.731209717687543  7.235134091012895  1.3604167057849952  
-1.3405391167609988  1.6406502584500906  0.6239675276364534  
3.1843546777681553  -9.40913029895109  2.4578671385060282  
6.5069092258131  -13.30070983764149  36.866870213048955  
11.115936108914823  -2.8554134345377005  1.8774150493695148  
14.109627010282459  1.1673111989066598  36.12037655421723  
0.11599029137680539  -3.835322166387831  0.8041730024885165  
10.022760774298625  -3.979163909751909  42.306510670970376  
6.930047709814726  -11.965383385649195  1.580923915562683  
-8.3332809640092  -2.781135770403637  1.3860825818337803  
3.326772952797434  -1.1549173081148698  1.9579730820663508  
5.584653945523595  -8.105792948483227  1.2497988137444338  
7.038731608313615  -2.451049302162602  0.3825808792494245  
13.509879048009314  -1.9747343207690111  2.015574829731874  
-7.912681279951375  11.89008151602195  1.126805465219614  
-9.233336644300078  12.549576141041943  1.9504401350505955  
-6.234724352813982  6.816860149318153  1.1775823935020382  
11.027837568793988  -9.61993634700109  1.7775569223909429  
1.0502423988193748  -3.408596279754523  1.4378706904886382  
-11.047354286256091  14.284950705925588  2.1527716221089723  
-13.27722704371393  -0.694605765990902  0.4126920075237428  
-10.271715479596194  13.09224100791576  22.408047720120557  
12.962258642851925  -9.986539553825697  46.486970449327806  
12.038570735943303  13.179734972772696  1.8857184128434157  
-2.3058078050410646  -13.804948829719972  2.0624520298798723  
-11.516837172869025  -4.288501865055228  1.962056795000986  
-5.537784417191737  -13.244261550852823  0.5721783878375919  
4.970789562370598  -0.4182696416762184  7.334998660167495  
-13.901620906409892  3.278886443186952  1.2635983203670533  
-1.8900914276672083  7.526969512916374  1.4460986039540842  
-0.034934322513915816  9.738624682982202  1.3318905346063648  
-2.8797564192310006  0.3675687695758061  53.47129976179153  
10.0419966703674  4.385060421859965  1.3576778193648773  
4.288628545251072  1.8393805162522519  0.9574373234483319  
-1.3682224128196872  -4.987327017440821  0.2545106067807987  
-4.507394165198564  3.976591633884219  0.37602681845602254  
-12.042595206192166  -3.6771785190495905  0.5918695783545838  
-10.184792645290582  0.5066397826280795  1.7670143807913752  
9.425181693115412  -14.408693190745174  0.5925145697170167  
-5.225637160227793  3.218158342274723  1.2910740210552896  
-14.173524261711783  10.351927084828954  2.2280089749550753  
1.190364002738633  13.762871387405838  0.9838870065526406  
-10.748244255046444  -10.69304216428661  0.4612475195273888  
-0.7851638647309276  -9.147601812437998  0.5045442536733948  
-5.009652702798727  -14.824496494913172  1.8098146468149783  
-5.455363316024535  10.310881683935122  1.588568602536887  
-0.8106549515567334  -4.309354042111837  1.0290029333345607  
11.344136198650922  12.944396186026477  0.5668858720425098  
-4.454885428675514  -3.543657840316559  0.33831887079236067  
-14.10069368384657  12.68806416248471  2.4370724479433137  
3.8008259103877755  -13.125007535790559  1.2403042192863725  
2.527057883595237  -5.008182523485118  0.5982075384012497  
-9.676542920359683  7.856632797257845  2.1055011080253268  
10.763263942586228  2.905746127600519  1.985658389807651  
8.533698706370654  -12.479326262046364  10.946607278606152  
0.3529104546653308  -14.174029926552764  0.46712646694252624  
-5.537794560561229  -1.3988644617392652  27.026458257962084  
-1.9341943101276655  13.36196713560608  1.9862826853652904  
10.205625546905665  -11.233689648086962  1.8249005070846522  
7.861288699902477  -5.713696484961444  0.5653199050014757  
-4.4441539489196025  2.5637893142154695  1.0877749199723206  
-6.574624826129096  -1.972303431679638  2.402750828697399  
-14.424100198481925  1.2017958021970934  0.4427726557716108  
9.603777745368234  3.6683472065315037  0.9277794215750759  
-10.604041353480907  13.877757822695113  1.5591052195375787  
-3.2457634098573678  8.906490119475585  1.2975737900683912  
-6.997140225784657  11.865061081369127  0.3723303526221322  
-10.458401052288403  -1.0549166824606857  0.9487689531224824  
-13.703400557922476  14.068915009672356  3.974528451717308  
-0.8009127939650647  2.7675858643871436  27.115612700089358  
12.187231107645424  10.262277549610069  1.450584228400752  
5.779188594616691  -8.238240625600413  0.9434850606506051  
3.0056108964946695  -14.287235061658382  0.3676239247815144  
-5.582391416140858  13.152428960522279  1.3819135127627886  
-12.998585320251053  8.411496986322163  50.386564676407595  
7.133719918449486  -1.7958610170829203  1.8054212793565285  
-4.798118456425659  -12.385198367651174  52.18768720026168  
9.190953182398445  12.654646213122142  0.26152767854188685  
-3.5952927475874557  9.90972949272484  0.922859981780465  
6.540557470750176  14.340186434664503  1.5094348658196932  
-14.421467569894187  6.5143041995630995  5.178819162501395  
-11.627827181248263  -9.5265516223471  4.290130814623347  
-1.5555377518019657  3.0234572337860364  1.4128548281961042  
-3.7053474252495313  4.5351943610554954  60.41554454060492  
12.512048263967426  -9.688427622709101  1.5996634433336263  
-0.8294241970143368  -9.759527507456134  1.6357958584137833  
2.34318551424688  -7.197410392575593  1.5045085343924691  
10.127874715015153  7.540342141731763  1.688266082047316  
4.317341425989959  -12.181403536037573  0.16625462400886304  
