Customers 150 
Coordinate X		 Coordinate Y 		Demand 
14.485022180204467  15.99308828133995  0.1716767699913549  
3.7102261612600245  16.673553867737674  1.5595910084846285  
19.04660583512917  -0.3249433683833587  1.1572522965585164  
-3.7914652881092614  18.406237971987622  1.7115233095852838  
14.171524211859477  -14.736435522355112  0.6882284814429396  
12.11101664433567  -8.99945803818111  2.354995056420269  
19.24999286168911  6.105183942984198  0.158868021866308  
-6.148029879838557  -5.349189084915311  1.2014478833033357  
-19.396209932314306  16.905582876269214  1.423383704589024  
-5.109634841803263  19.056486726142964  1.6847593454514718  
-12.02857073379187  -13.276207968046648  1.268244347795072  
-1.171920726277989  13.512322445432112  1.437836452868029  
-3.5452340473712063  6.666185257937144  0.057606569434514865  
0.6301782047811741  18.96393033369862  39.4960186996959  
-0.29173223507163115  -0.6885912215493626  0.7725762976291815  
0.7285026802969838  14.059916483052035  0.9227958276792816  
10.152223675512001  -13.102470215782262  0.29000264420871974  
12.789802664150827  17.231843085105275  2.0291381002590394  
11.99112128293794  5.30262998745885  0.37150714428644566  
-4.070325632532658  -3.166726715461728  2.281150735659219  
-17.1815464692307  0.850111075504568  1.4584517838795792  
-7.8464570466192995  -8.630847486658437  0.4927467632937646  
9.589195468145924  16.969959476271796  15.4309941726663  
-0.19404513080347385  11.846761872568315  0.8234475199892161  
14.741216253588817  -12.252784386320123  2.1148181515360838  
3.8094128954598148  -11.720483171639117  1.0772111247953395  
18.246854797681955  -14.611102251532895  0.6925849752581295  
-6.525983643273271  -7.625163045685955  1.7515356559843132  
-8.624064130950249  18.640640185623106  1.3052394801749956  
8.65915061040998  18.437352536360414  0.4950403823938779  
7.9514464166014065  9.184278360527337  0.8744427490141635  
-14.93152276836367  14.518693143749715  2.2567275910192013  
8.87915101862302  -16.95234719603869  1.3054934328499468  
19.459475865020025  -14.15489181292347  1.0351285306469165  
-14.267626933777166  4.057857047504214  57.613123170319504  
5.5487864790818335  2.554164864951499  2.2605366281089987  
-0.8267904351487658  -13.630794656218557  0.5614428306958139  
1.3946003120083077  -6.228211280545061  0.4685309940357363  
17.991414804074324  13.097147349238291  0.7396882092580442  
19.037358079247447  -19.939126573495273  0.04799309528869394  
14.542216905020815  -1.9106035948116649  0.584558724373532  
17.179988532450935  6.272733087904609  2.4718201511200206  
2.3643021976578353  17.8655113798075  2.154761898658923  
7.688958159211303  6.832630505738724  1.5435382606241532  
-8.240768264661412  10.756185891824543  0.5525212903088963  
-3.3026339928261734  5.490638910647789  1.3180181666024728  
9.1135341374974  -9.72650409456168  9.828980226376352  
11.091338626740715  -18.43091238802355  1.9794969055508278  
15.744717312239828  9.743353854771417  0.8648995389272816  
-8.839020320450196  -15.262162581578504  2.08510867729887  
12.052460237027056  5.231419989367065  1.7315630382001554  
-19.80288122386753  10.348637787286602  1.2071276065911227  
-17.24376698835655  13.793719397062318  52.382404977095234  
11.81510842749175  -2.6401809984461693  5.961701449829876  
-10.999410625677143  -5.916784306232405  0.770273317856752  
-14.21307470308891  0.882563286250555  39.18657925507503  
3.109385557663753  6.343596691019677  48.35642183377666  
-6.837179237567197  1.3800084613453052  1.0928229896816612  
11.770174145557082  -1.1784885920674597  1.3360600372388423  
1.4637731020147804  -17.449562718628965  0.9014574230002298  
3.4300265097337785  17.628515228529302  1.6040012428269166  
-19.27401279412583  -0.07420794808213316  0.13691650962708746  
-14.315973175285492  -12.916025806014687  2.416502010316143  
1.178701578607118  12.216776315867271  0.46089008589916186  
-11.562303693836565  17.570175395999257  0.1606563498019789  
3.3365381047806366  17.435788861950982  1.7489114618768953  
18.62459216154467  7.930894162799223  0.4938403244996714  
-8.712339996973322  5.828936649322273  0.6176095885541186  
-17.73967410900832  -0.5553323137905366  20.63424830808414  
9.958974932450829  11.648381139442687  1.2745026531088741  
-0.3857298367840656  -11.59597511278482  0.3223375823444441  
-2.8603587741950065  -4.2037320927725474  1.4735339677193093  
-10.719820467144556  -5.6680697849218475  2.083014440286573  
11.044127624281575  -18.628513427828036  54.495344264554646  
6.926990349787605  -9.133329982208416  0.2857148469742288  
-15.803933691038132  -5.849487588481219  1.1099583072469068  
-5.488945964940264  -3.6535342970060753  0.07163224842099442  
4.414167187146386  10.03358355072162  1.406661966835368  
5.7310318210587  -8.874977640425886  1.084667017659958  
13.681421009647671  1.4874552584993381  39.092276437477686  
-16.493271921638772  18.649302721529097  2.4465089868913608  
-14.321136252378386  -14.984010883961503  0.6742810625085283  
15.263094201188295  -2.669251444648701  41.91675262715761  
12.765136659552056  -18.31017515387504  2.443533246750758  
1.8006560340240156  -19.758790151792276  1.9476717555760927  
-16.816903106405576  12.766381544903986  0.6434494354814515  
5.533623335389279  9.66483219039446  0.012583176585586053  
19.274730639263467  -17.568555851323705  1.944924770247333  
-6.1230821299466385  3.5371540866549758  0.6231262464542173  
17.485615030997195  -10.306422591918842  1.0270757830778434  
-16.436618096070838  0.8026553511259884  0.9365371075363371  
0.9401852879306283  -18.537371135484705  0.6663830586447089  
1.6724129316551881  -17.2779806526415  1.890395635191362  
5.3690458418308005  -11.156443753395546  1.2968112103640197  
9.151270615879188  17.160343969690125  1.4716231707585061  
-10.830411803985815  -1.32315832435388  0.3241097181739591  
-17.389687204894262  2.8875674056717955  1.5531374279049037  
-11.618844242685654  2.356735548420872  2.1024982222874486  
0.17340385691367644  -19.07765135778022  22.644355848399258  
-12.643987874566873  13.958587419895984  0.10693857268059742  
-12.835246772524552  -10.049350020267092  1.522838281734713  
-14.092641255815565  19.706498111545272  0.9591974707600879  
-12.586573619885527  12.850286848820062  2.3530064491298477  
-6.284346667430803  -9.187431452774435  17.981637845967548  
-4.043216568376353  11.35267163027535  2.4955871531220817  
12.774477682399528  -18.281035060804356  0.9517931693826392  
-1.0759083966169989  15.873028991898167  1.1205381190332286  
-1.342787501101661  -14.225918511340595  1.2963759258564078  
-3.618434874116513  7.540303184307923  1.8339264198942482  
1.3857526718081168  -9.625978286464711  1.2071760395961832  
-6.079920242235426  19.458036895513153  1.167873265806626  
16.682534660526528  3.6006709251599887  0.6377999856402444  
-1.2331842040041074  14.22744478859385  0.4037814055629099  
8.387102526268421  -5.612404430233337  12.560925117133747  
-13.79792772203777  -15.236047320416862  0.699548292447443  
12.818489361166847  18.245026757261215  2.015980073331874  
12.062510722430439  15.438438890952398  2.116467579405113  
5.864633792778299  10.575176508135378  1.9300454869103214  
17.112072600273756  10.57443473069426  0.26652289643657956  
-16.419891388071882  19.60913539836686  62.83770877550416  
-0.9381755884163496  7.332531659266888  66.05533731151495  
-2.9266024063613187  -19.00340135697104  2.3570894008312733  
-1.9800215656533169  0.013246431952840254  0.5845546379813451  
12.464968650823408  -13.920318482587755  1.4695080106340819  
-8.846664429264148  12.80958850064031  2.030138132154739  
-3.3025952775366783  5.882060725567829  1.2834484288917203  
2.3414069988673845  8.040593777578742  1.1826518266533312  
-0.021171683002858543  2.8446987407728628  2.1050919572221547  
-17.39553447357909  -13.102945558021325  2.0298655670854973  
15.640882006711067  12.339402927012294  1.9940291794588096  
-12.91323661358216  9.73071515049542  1.1316042235070423  
8.192508840486447  -14.008534560881841  0.08055189341759222  
-15.623816237166732  -7.0818313892780225  1.7894718228890523  
-9.649217248260653  -1.1573675675950135  1.2679848734866477  
3.9415648724988017  -10.669284783710445  0.6025922106050949  
-0.16996438888095966  -7.614339201605166  0.10326138430102022  
17.468949883880086  -10.5585746348578  0.7550698305804169  
-3.3294543960624097  -4.498299473342344  2.2239453319963216  
-0.12198687790781904  10.100658132724817  2.005873776024178  
-8.111984597519179  15.331763591569462  65.7704455475245  
-14.200088629611859  8.011290716881842  0.4768478621970648  
8.225106899335355  0.11352372250185283  1.4328253890529763  
-12.702186004260474  4.93490070330008  1.9595500035204825  
3.7862761710665502  6.014699909618134  1.8818131594458822  
8.611353258163508  -18.339839365312084  0.5866241866467548  
19.337157855011718  -10.005735274465714  1.5482111900728421  
3.706255385949426  -12.235317537824102  11.366292662926014  
-19.95024934484951  -19.277253889749186  0.7279124905767766  
-7.589605925537182  4.201577024572259  2.4804793268319267  
-7.525344754020615  -10.407148519338483  0.7043245803511894  
