Customers 200 
Coordinate X		 Coordinate Y 		Demand 
-11.326853710122275  -5.0542590813227015  2.4666716600227305  
8.313646833161357  7.965712589377727  1.3264748308100396  
4.950356947090224  -10.463921149326183  1.889019090988128  
7.997456689634689  -7.787006933438335  1.3255859686714089  
14.929460812385997  0.9270796946062916  1.2451883318685264  
0.7978708231400198  10.481058694947471  35.70822010991125  
-9.199095777721993  -10.485317890549988  0.7219825210289732  
0.6875056365983099  2.8055782372704634  0.6323228999769557  
6.290482399954097  -7.289862800829372  0.17839020735799238  
10.934809063342716  -2.078377140690824  0.815481834018798  
7.855806751820733  -6.466747539607283  2.1699747603103052  
-5.911936886184341  10.64200445765891  1.7238615273551003  
12.549650357683678  6.414499727207286  0.14675683214978363  
-9.752640491189851  -3.340681194656348  26.95217042598404  
12.667341016476282  2.5106704588373887  1.7562292687744252  
-2.508281512402176  0.8263901043926047  0.6512820880999624  
14.795407083991822  -5.6612292316634  0.3081463335099788  
-14.17144861058641  12.469789059350358  0.8542785146042992  
-11.6213471593946  7.032838867487229  0.5827268078920731  
3.5326484960276154  8.791119496224962  0.09347324876830737  
-13.577146350225195  1.028378890694981  0.7889119583802534  
12.241877311172743  14.910767322032498  1.0884074492678297  
-11.549740061236117  -1.52091270895815  0.6043196280308718  
-5.323210918670485  -13.391213937677444  1.3524472720266938  
13.325094674442312  13.210575829577643  0.8535337470651427  
-13.648692218716484  -10.6823807461517  2.2192949837947293  
7.066238059471125  -8.484239130993043  1.006371396802534  
-9.85830174862995  14.421335494387492  0.26467146930109486  
8.264273169374423  8.596621875264848  1.3027664787519357  
10.080998662174323  11.416075756325863  0.7423118520145398  
-8.779898768526389  12.95700308496886  1.9359124027275467  
-1.75389695875125  1.986389883596324  0.7784147657625431  
-5.577711133203765  8.551158336514398  2.3503025663851487  
-3.895318503692911  -0.44784639155908756  0.6936847806932339  
9.480362030906107  11.992717716666764  1.8363107233960376  
9.189133480706015  5.340759771395376  2.4471104021036356  
13.131206963110035  -0.3712326967624122  0.727951074362013  
1.464743630762971  -0.4607407887734798  2.3206166427039436  
-7.564213154982534  6.783726690669244  2.135458743451926  
13.259250496387939  3.5811479139487155  0.5887337486510663  
0.7833516887496454  8.977718484841404  2.269332058111574  
-5.879004764113676  -2.877514501101336  1.5424224396520962  
-10.179669737275606  2.424108418953061  0.5374755998203501  
-0.527147673733813  -9.237966639149668  0.36119614451030485  
9.921092080631656  -11.389093075967091  1.2220867657244874  
-2.570877452565366  -6.939905806612103  40.560239817476706  
-0.6822328560610647  -4.729272430262265  1.6679247532409627  
9.64257576298445  7.910750823767582  1.0037540353108207  
9.50630945188497  3.5439724218718034  0.03860331047803006  
-2.451166632795239  -4.177816374205367  2.112401327730461  
12.045999792410363  -11.360047527220146  1.3225479340793398  
-7.1247200673264635  10.159752594523116  1.4944340987305516  
-0.6304438298924246  -11.199388373575445  0.8952579073885919  
-11.218317024287693  6.906545030494428  2.384206498407449  
-10.27893361638056  4.871556806365785  0.5695139536739341  
-14.500279120620512  3.9960572594461077  1.3734735568622045  
3.8389014973196787  -9.714925932159188  7.4825051735363335  
-8.161406802583073  13.77171066465456  0.05753100717754617  
-1.4991755038128503  -11.240186163852695  27.525811084799557  
1.423913155308675  -10.372109649106442  0.48277666262331903  
-10.451538414113354  4.521848174822466  2.269484558571072  
0.03705768945363985  5.387182353773554  1.5148352916394159  
4.508331427987379  7.351770912362092  2.0633901700604476  
7.922175958198249  -6.5314899930984165  1.371386223996551  
-7.573376311304296  2.2625357078633  1.1321407375967518  
-11.571969004821467  -4.599148584402821  2.1888352032755263  
6.034905427226956  11.112720095175849  0.17823515638150683  
1.8518707448519187  -4.262780796411329  0.6169710787962995  
-11.13604905097622  0.9599063391148963  1.3631952728836287  
0.8525109737778553  7.923606609649614  43.39157746886912  
7.422877896776818  11.458850379513791  1.8004002024242567  
-8.700177055233766  8.177566124932842  0.313329315070712  
6.06077827541521  -8.89084817510596  2.04563212620033  
-0.07219455827368115  10.931128100723026  1.4495493344608095  
-0.3719667810069964  -0.3429119986133138  0.7669741003422575  
-12.341564403042952  -13.107267106559899  0.9739067714777769  
6.55449639584284  1.456316301502845  65.39833145503168  
4.963485037751418  -7.717130552017689  1.342257541373637  
-7.538264469524712  12.092125496263705  0.22479609601836537  
-6.868515148297696  -14.701888902917727  2.1013313578026036  
11.926519844321586  -11.926078743692775  0.40676115221628895  
-7.192971206691147  13.35822739616765  2.015218051758537  
-6.487260011928216  -3.0993602669905655  0.7073140118198149  
-1.3303934985846908  -7.80893342880418  1.6729632142423325  
0.6889467030840741  12.303773774685396  0.6466612260378024  
-3.3808512259934265  -14.690102989796838  33.84606797444805  
8.748698137378568  6.972695123589009  0.5649584269817437  
7.335470634922075  9.937886953336495  0.792459834015464  
-14.649097722791218  2.566966332990912  0.1336078414366676  
-2.4211881031116906  -7.065581364783119  0.01879308555353315  
-10.202657591932741  14.320331785023928  2.499032785233996  
8.098641509416243  -2.2220779306263108  2.2573576207852657  
13.66457273667088  -14.95894013261426  0.8655697918936243  
14.51794126570056  11.159908858862373  1.5145983322748324  
12.907367393916555  -9.186650841082805  2.449118442469274  
5.060125098783246  -4.755091566354885  1.7926685211663074  
-10.949075521015098  -11.795542505381828  0.35819001592568206  
-13.51418978832934  -10.849021618331555  2.4007308409041594  
14.588990706706674  0.2822696658459325  2.0839957161603784  
-2.893393670049573  -9.294514760753323  0.7004924587457231  
-14.794886540729838  -3.7520353620853797  1.406214347026369  
3.243121663721247  -12.969158063682446  1.9051159315798538  
-1.0657969847745292  -13.011507547094682  1.14608080614137  
12.994371760432216  0.014890439069153771  1.1756454764869526  
-10.118420653161701  -3.6464660066365777  2.323435920765717  
-1.3142264813267808  -9.779389802430885  1.3840899276635916  
11.616712410287036  -4.538364330218155  0.8993777858152454  
6.8629201557619055  10.28985234028356  0.5373031963604711  
-7.141173033005447  14.840205842109231  1.4111555184467492  
2.1983155993727905  -13.604227152958163  0.98080156967953  
-14.428434562113377  -3.295935185335594  2.4309465392313396  
-10.821737915602831  13.798664865852068  0.6266604343918319  
13.083898380814052  7.177225603447173  1.9051568973694468  
2.937089483563227  -9.940131901010712  2.0746290724433476  
13.35446469354217  -4.237392179454645  1.0558864763943991  
-11.894096163766486  -3.0315506112091324  1.1206058721663807  
-10.003468643937858  6.8643558396579465  1.1511985046860593  
12.043059473645808  -0.2646615364486511  1.7716129930192426  
11.1807666610509  -14.332537977187751  17.58688584581738  
6.313523487835308  -10.49039306101892  15.899012674153207  
4.033000876497521  8.179374889474264  0.2590200288522776  
7.7843318016035035  -7.2284230056876275  0.6859044810965009  
-10.355824781637223  2.738282055776704  32.39379152786995  
-11.796672732038775  8.657453853487816  1.0024448602806535  
1.3096568770858  -12.207241222582697  0.4848653719226548  
-11.371647542161515  2.770157985195901  0.26222941469983163  
-13.884885506200568  -1.7425394754364039  1.9656084570567751  
-7.425897459844375  3.531052269775625  1.0698787016148228  
-2.5138612408917957  -9.750441754573627  4.92403994148177  
-0.7561919926780565  -5.372743636473237  0.8893677693076609  
3.818793813111231  -8.489405476679398  0.1471120681505464  
-14.287047573261136  -5.39078174902078  1.940440533235561  
-4.1917102925406695  -7.68154496295489  0.44286799272100524  
-5.567802122899671  2.1932551087083816  2.054649133074512  
2.5929604905416603  9.194137329195843  1.8385911978128173  
-10.08328367897255  3.323724754070593  1.7351595529625354  
-5.66925534140378  11.208010174657012  0.06195525057003243  
5.989105607800411  3.549539578928165  0.7894633437026357  
-13.674662888862274  6.19024264815841  2.0249103051763906  
2.443085004963404  -3.230309723291544  1.029136673356093  
7.319219858815856  -8.349898675956116  0.43758069606075173  
-2.504847247638345  -1.0975201365219593  58.98162455909237  
-7.929252001827898  -7.291208198587187  1.6522956595500298  
-0.1086041564793998  12.533152959252526  1.0773288352496193  
-4.1675216916418965  -3.1494576827727467  2.2943940425278737  
-7.96336122524284  6.094599149033481  0.5237262765590613  
-4.152065804875168  -7.203391006692024  0.8614432326712054  
13.013119455276431  -1.364165164191526  27.556333352906826  
-7.516010803755089  -1.6931046610886327  1.0975126286557637  
7.855874324777975  -11.267068547347872  0.39007307987240086  
-9.883944602397362  -0.7861319864979777  56.84255691350793  
-13.047966387682163  13.597093775611924  2.3722802027145327  
-14.616726944288674  -0.5065333876863338  0.5346535252307  
-3.068804404577193  1.9345658157657262  0.48787992905993144  
7.930876823539062  -0.32231968490095575  1.683420488047055  
11.914084145964324  -8.386942026149129  0.8845103450714988  
-3.7430644540452676  -1.5865061454728018  0.22678083339158106  
11.486668480072392  0.6893785237872354  2.437048438803288  
-11.219352049284602  -0.5271232377841155  1.5971881021208127  
9.26693218775565  -12.147043820545763  2.295575094171957  
7.74938471930173  14.018516784235626  1.417269198833908  
13.431483647035662  -14.160049107358523  0.18593354660745437  
11.101663957388322  -4.570027905374625  1.8854202914777614  
-1.9308089015344958  -11.127373103959869  0.45702245230776956  
-5.096757720888736  11.494938504890527  1.889582517512213  
1.7290333672535354  -7.321319554670951  1.493964434312622  
6.473519924307947  6.2703181444464136  22.957959781935134  
-2.9706502676200923  -6.854779362378775  8.821806053143643  
-14.180564359113582  11.41777172838066  1.3634682985022215  
-7.304320740625528  -2.8379303912132787  0.20527986345013183  
-9.505951813122588  -5.681551736427618  0.7831119911541726  
-3.105618633711975  -13.290909454798575  1.9295999600100036  
-13.503016909947291  7.771574980093792  1.119667926166614  
-11.770791506489768  -5.257786834800886  0.5633798802199291  
-14.666055574610597  -6.418398437550355  2.1165794054429212  
-11.731954777774586  8.932862647084534  0.7658656571777975  
-5.147537127811049  9.838574985575018  1.6031423559631044  
6.966973312771163  -3.1845381174976204  63.19997405565468  
8.971084057961551  9.19644372401249  62.53673881171346  
-0.14112902727929466  -6.602295685159362  0.42661948017822027  
-1.0808290904237232  12.953975462299013  48.47610357395344  
13.373722142725534  -10.211714653626036  0.3657584337447553  
-3.8954797810085893  3.2429685230377636  0.5186976469333632  
12.15783002834182  -1.1032271899807  1.6569517920695325  
4.225966473513189  3.12845745745674  1.3218197703733963  
-0.24088329915254114  -8.239687240446257  0.19992556327117106  
-4.251824830445859  11.925588321063735  0.7280393743109986  
1.5457000895468411  5.551851744719251  2.3224673748294107  
-14.644196646295017  10.537861173472887  2.39629220157579  
-3.775064223494386  11.824565790093846  12.379144325768051  
0.5042159755288083  -10.878584451470058  1.940001544625333  
9.830110222346747  11.047181043949987  0.1272574984189337  
-13.316047440302155  -13.119939319357659  1.4326387982811095  
-6.458030965745902  -13.015122119398239  0.7928071388120539  
-7.483879958611299  -8.704274437111  2.2410729162285326  
14.212278304203096  -8.0195354599514  1.747887120809055  
-2.7040908217171786  1.5990232467411616  15.42578031032187  
3.9565939113854007  11.690501583098577  15.373921534137416  
11.101421335441547  -1.2153859297819274  0.11254505973023271  
2.683434358155619  -14.668924013728255  2.1333978708953456  
