Customers 200 
Coordinate X		 Coordinate Y 		Demand 
4.468858966275235  -0.35468581369815944  0.6549006191380182  
3.9047526820762624  7.134328737681656  16.048377750926633  
1.8444757473610665  1.8243608800366413  1.232629785036079  
0.6570748885601763  2.317191213308888  1.6815130143202652  
5.165212918448814  -4.408210143274999  0.7653641995850335  
-7.087207229470945  -6.023853006874258  0.2293316146086799  
3.1807718151464837  -3.959832820760292  0.24449626213817244  
-2.8117022259211115  -3.6288131521159954  1.399389334386315  
0.99832835242667  2.8069347247723524  0.052622939787917156  
7.353940519302935  3.9390532983411113  2.379962197053395  
3.0035427202110334  4.563565384263029  26.30634815864404  
4.030261216889297  -7.757033303946836  0.8693085368410403  
3.282786645505402  -5.74210911747191  63.068208635932585  
1.2119983660401559  -9.035411183381225  0.12438537385154796  
4.249723005793273  8.93773120165406  0.36926157286264305  
-6.676987805198886  5.266344193509676  0.19501949779415662  
9.179348811043461  -7.016057554220461  0.01763083243864927  
-9.09476386741662  6.852232310128478  0.6658000048951409  
-0.6473620218326221  8.58102032547188  2.2720172643122956  
-1.8552112473462188  1.0552495371250625  0.8529571418762433  
-8.485095696986809  2.253372374530148  0.263623610257753  
-9.561629945800245  1.2795430547642717  1.5284933632899653  
-3.6489910162081074  1.2953917560844168  27.38682568542608  
-4.796939038312422  7.125435763944026  12.163408062608585  
3.68054010456817  -1.0765475236545559  0.007133482028504057  
4.132664067224201  7.525425799205042  1.4502514120354104  
5.076087985676331  -8.022044564392292  0.5406451743634644  
-9.896305788160324  -4.780693051099789  61.14510283036627  
9.607738594287774  0.003549456196585865  1.8716224706215276  
6.934158868551474  3.8965217915035595  2.143909739028164  
-6.583082882371154  -0.4643544589082449  9.995558211142015  
-4.801758159489049  4.333873140612717  2.342143464564695  
8.822697782599587  -7.578637340979231  1.7553422678812314  
2.300023233547419  0.8567281083782206  2.1780450200046317  
3.663712471326935  -7.996983693790922  2.2627512592864303  
-9.990642885974454  -5.548172584096598  0.6046595079739447  
6.578778835762918  -4.007715584709837  1.9966932681414493  
7.663031615692912  3.859836495522318  1.726807326071764  
-1.0706271387307673  -0.13683113489213383  0.2943607488777955  
-5.765663666299526  0.975752950650401  1.647438009956764  
-0.9329246260162662  9.591884330693862  1.3462250004664154  
-2.5258330151207904  1.8853025967786152  1.9388927729120877  
9.64911133243423  -2.4282056337198332  1.295914755106441  
3.326781890654452  -0.13455106889303536  20.48213727387492  
3.7051118452299843  -9.468479648846488  0.49527693516223964  
-6.176651244656899  -8.32286590171499  0.17565690281843238  
-9.84178149964579  3.284350790803664  0.2993848373680949  
-3.3436074290751217  -6.521613220420271  0.9230000846915271  
4.503663971201647  -2.862925930024824  1.9112595341737246  
-5.3617158358858745  7.685911347648023  2.368368855437703  
-4.652057922614842  6.786358424784275  0.411069769876414  
8.246879769788478  7.113289988943926  1.180389203956183  
2.511704096675981  4.530810128125861  0.22957664432715796  
9.461448017357046  7.713924503901634  35.10867162088307  
7.399497039299064  -4.373176030222452  1.4505877844365953  
-9.907994408027896  6.2568347347748166  0.0325412582149881  
1.3394742734487544  3.616363432924972  1.9521877619294177  
-7.194817391029069  4.263445248656485  1.6737884883783505  
2.5962012167920907  9.454787181712785  29.26354437232229  
-1.9502507547470298  4.533483335036021  0.1784025816216897  
-2.240318434558306  -6.733151914325386  0.7028116029601519  
5.084926007083492  -8.411886164058465  1.8818568783122798  
8.213730798479073  -7.441005044296922  1.7636309067349027  
-9.685402295865174  -7.641565684941041  49.91753764080909  
7.386818704220069  -4.283907064388037  1.7887696563789766  
-8.869433526733484  -1.552542276996153  1.7850868825189905  
-0.5114924827084  -5.389301762618734  29.66649106535943  
8.4679584084259  -3.706294977944083  1.2237259473559459  
-4.5653876699054035  5.153002419079144  2.319470894014139  
6.275917203019489  -3.435465817525678  2.1930474487386995  
6.664204854292745  9.609576380121837  1.7869150302375885  
-8.893298105665991  -0.8926670689131644  0.9283190358236595  
2.5515915172386077  -0.48095925324027355  0.6315368360952276  
0.026321371299463436  -5.213305637298042  1.1306982763228492  
2.116382647639945  3.032782242626169  0.8422309443371462  
-9.95017532767594  -9.46429318164931  2.4935790798245745  
-4.2652131353782  5.508844058341737  1.270567363585415  
7.304377201295889  8.949476991895295  1.0296282785954058  
-2.444753618594264  -2.8128825853972694  0.8930847619271611  
-0.8767588565768634  -1.250980989883617  0.8957772383839326  
-5.678450427063943  6.773954435131174  1.7795469234106511  
-2.726206959771538  -2.5563755754979383  0.538434573152883  
1.30653100524475  4.764330566996421  2.4019278413546883  
5.522697252404026  -7.4801536931146595  1.6061853391742558  
1.0594998952449064  5.32968098602236  0.04389166675290185  
9.741363054436405  -7.51477733104524  2.202242316752766  
5.670508241825694  0.5995366915929061  1.6955318767225902  
-6.2451892047694795  4.094853175286502  1.673915518696766  
8.254595573625075  6.165083685488483  0.9431370174932443  
9.137070249281706  -2.911028791764945  2.2613646211058236  
-5.6408774025653186  1.6327695979617367  1.4887468839702198  
-7.843762364293607  2.7696206349707886  30.08600511291746  
8.997331437671022  -4.943913330885246  1.0592660619602976  
6.0723148767154065  -2.255427966567507  1.3191037975445654  
0.011247880111342923  5.07365112744931  0.08989971954943943  
-8.009040191985537  9.166600095446988  0.4230171773266253  
3.4670574988754446  -0.4182901891966111  0.19167799629947718  
-3.523734600713735  2.7962463839594864  2.128692682595581  
1.786073017002721  -5.23080875967517  0.5378334483456565  
9.125701614621946  0.21619408000997886  1.7553437113760995  
-9.68557209115045  3.3434333337999185  0.928798289217261  
8.310337225998243  -3.474622146682  0.7493769571518971  
-6.965390428657168  5.774708992301232  0.9205868344122605  
-1.7165297077150754  -5.159041974691498  0.3715666858878544  
-6.878029798441377  3.3876783192055075  0.026328120035315206  
5.860794600656838  -1.06372275894201  2.321637695560836  
9.049326472487472  -2.8721171059070034  2.125715165237817  
9.875219905047487  -9.657068349785739  2.247521886599031  
-8.057216686765189  0.8314217384267231  0.34213568113123927  
1.6094793679945312  1.2450758564501623  0.2115550573234945  
4.891906445574659  2.825920968256039  1.772250900803438  
-0.5903581084974352  -0.5059083016462029  0.31087846163622285  
9.917357674444535  -5.309071126772547  56.93802080726493  
5.682661402168996  7.071740866373666  62.08697401203861  
-6.700866173434528  -8.994139512912291  0.5743057306787169  
-0.5189202668828585  -1.6700690283137547  28.253636761104914  
4.968521695647343  8.913614299253773  2.0767187244589738  
2.8780179992029904  9.335216710732333  0.486839194891876  
-7.333100095414609  1.3279900900178614  2.386312679425258  
4.335569978795888  -5.353836791907806  2.214725725879504  
-3.4254866948583835  2.6130277077415602  2.4290497500058565  
7.269735229820199  -7.148306371519326  0.19960028299650517  
-4.887661542446871  -9.437601994218632  46.513616428598745  
-2.9849940996069364  7.198551567799438  1.76684377737466  
-2.379824205660867  -6.493035881628049  2.1330353015234897  
4.391736766106666  -7.364003411262869  0.25751749313174366  
4.614083285458328  -3.621355557778938  60.2044511413004  
9.079428100509329  5.605862963819831  54.48000437075596  
1.3262808015890961  4.558698632286282  0.5631603786781969  
-9.000964735385361  -2.0938962833070978  0.2400384944022979  
-4.769346745282261  9.338560378895302  17.361236071923127  
2.9074410294922277  0.9559468952927013  2.3131168429431317  
-6.743028568994143  3.8213473643882434  1.4948744194036672  
2.407210031199064  -8.209212491206184  1.0703434828677434  
-0.6030397657500703  3.092168441153433  1.0251514499857786  
6.574750792280376  -2.885059279114217  0.816187846826353  
-1.5946633178287755  7.485353213828731  40.12231810334422  
-2.5899897774712315  -3.259618331584151  0.24369281095695222  
-3.7010560534179726  -7.223267140775114  0.16834243083594658  
-8.689169645432592  -7.260403545129477  0.9266418594781503  
-6.6428939851595015  -3.8709051664543264  1.0145801719544552  
-9.224918352878715  -4.359328971163066  0.42491557322963475  
-9.673671183394678  -8.3810678951774  0.3151204897217147  
1.5337111052044516  3.992737579533575  2.2003037675439168  
-6.4675289478020614  -5.827376581781191  0.6738718021298357  
3.3178194010755373  -1.3700887309724603  0.16503845930628036  
9.603510119548694  -4.25984475165794  0.3267654317772589  
7.46289734757401  -2.0381641098534793  1.31031333666081  
5.506031293417873  2.534522393256175  1.923305562128701  
-0.44665351248599094  5.618967544412403  15.26085477837851  
-5.401439661538441  7.164925165899813  0.10587933117238824  
-9.689594044890551  6.78071716417891  55.84883820218898  
-5.595132439178316  -5.508107760013418  0.3965921072897219  
2.9266149924672984  -5.485417387572178  1.0908385339938529  
6.810366013007542  5.032449043246263  3.1915405595749453  
-9.950068660028302  -7.545611050767906  0.49718963617217504  
-3.6152650140079228  4.743462692232132  1.9662665943825268  
-1.3793661594854143  5.145767747351988  2.427187609181287  
7.533883009628294  -4.988713509202006  1.5452226843080732  
5.76413498982512  -7.613004314899749  1.8794234776241445  
6.18438700873871  1.6758255987383546  0.6649073641359066  
-6.057177614878018  8.893320467721885  2.391023137596657  
-3.296477120935468  6.917152108101785  8.933218804227156  
-1.4299375960668534  -4.387102267308451  2.4076221234704693  
9.758020107113957  -7.167203352899463  2.1629958921061916  
6.289486108388395  -5.977535244999997  1.3837174634682112  
1.814660615479431  -9.466164936628328  0.061731837690077174  
7.1226816171208505  -0.2691252431557434  10.63934585004469  
-8.01415343995216  -6.412098372150458  1.5534163873845255  
8.688421731767974  -3.2813816171491688  1.9945680831391435  
6.923268734567639  -0.3627510498674287  2.435935524095866  
5.696548228987604  -1.4585445998111979  2.0313838818466565  
9.462788835102732  9.019984407476482  1.6925968831617233  
2.9196414559678736  7.82628422778329  56.24696463996671  
-8.27632456452428  -5.777396870714684  1.656278483120877  
-5.1544038066881885  -9.612628689095239  2.4305259030506217  
-1.634697395106306  -1.0080554919883173  24.725212964876  
-9.785770705968451  5.291067796333259  2.290374015602433  
-9.29555002422217  -9.065298631953977  5.819973126993077  
-5.358948165549715  -2.8028634325458786  0.2347986220577586  
7.396321388628603  -3.5674033064343043  26.184738677790463  
9.531315043481282  2.3048169454727425  2.3947729035483523  
2.382409448053835  -8.298635353484126  63.24545092779415  
-9.51252548200067  4.231750265116592  2.479099775166273  
5.808330120337079  8.821654500983382  2.3700280327155183  
-6.5868205424234265  1.1538902037448757  45.812401507652105  
-1.3852460383844463  0.5699797710090984  1.1534503039175505  
1.5169232306595077  -9.465472222243353  1.6928696757792099  
-3.4954411478968677  -7.12215528184325  2.4512046223195467  
-8.581520560182446  2.770548179695238  0.4864265120072242  
3.9893250139747813  -1.2528302291743838  17.39330008628068  
1.5612426618047532  0.08405398929972208  2.0805877102365846  
4.218305383986603  -7.549861644129745  2.421207206396102  
-8.86639645650543  1.9874693987039276  1.5942678793025697  
-4.707011010796009  7.841594870153415  15.917719554843618  
2.702482346812511  3.6502613261382137  0.9464088866117251  
8.77038279731989  9.612114355444223  0.5535568449789441  
6.762146600413121  -1.504608388700328  1.970491807284736  
-8.941854067798648  -8.69012654472371  18.817325092638573  
-8.598565581971439  1.3536354216879172  1.612941609938273  
