Customers 200 
Coordinate X		 Coordinate Y 		Demand 
4.474233872607535  9.472650437058896  2.287800312329744  
1.692115082484353  6.760401174288514  0.8544347157439582  
-2.236267942058536  2.074383013228548  2.0929731230602715  
-8.19024787091416  -6.677538481185401  0.6361452942970023  
-8.158908726121313  3.695759124537455  0.5394861878630883  
-9.340719458779924  -5.10354906953496  1.8044583236470244  
7.579527819536622  -2.1477743089179864  13.120110926045653  
-9.401327473164166  9.060117399818758  0.4317644767122597  
3.2591245245214004  1.7375587385292501  1.0332869330281795  
-6.78620148104865  -9.881327023106426  2.1931203581527154  
-4.6240504442753245  2.5189708100485486  1.963597464020804  
1.5417307216476814  4.201780232802392  33.099787602457894  
-9.497803722434742  4.614886129639004  2.209833954877151  
-2.084620860931956  5.2260222097330296  1.5354600779026282  
-6.4120223767512545  -6.028993633338557  0.46056397075542543  
5.320096860504613  -9.76152900229021  42.05873895056242  
3.0953912237771064  -9.649706795854666  2.115379306069048  
-4.847134478860388  -2.3430116694826335  1.985527307817665  
8.355489199316143  3.6524892195751377  2.188369359718418  
9.27470173483572  -3.077122339418155  0.4881662869069242  
9.538770796803774  -4.721190609797574  1.2372598452237524  
9.246894673484558  3.0815152937365493  1.6528040207296633  
5.629825072884593  -9.442580483818121  2.101419824698597  
-9.358289626098152  -5.193414442902831  1.0739178832699814  
0.7967520878547347  -6.754668063573477  0.8569402139284349  
5.3181838246256845  -0.616456144316416  2.498703846252498  
4.545980719994276  -1.877657867950667  1.0219871759023764  
-0.44637914645015186  -6.832065769859441  1.4590809290217783  
6.053114695215051  2.692633761065938  0.6706331589068709  
0.9214423426426972  -8.965817262002677  1.563149749036524  
8.06042628250555  4.009670205795874  0.23836875438555727  
-8.194012722746098  3.3304990822711  0.29180865086247565  
-9.268371494957197  -8.359993713886759  1.9274987453470926  
-7.55509358879843  3.855501104332008  1.7712302303089411  
0.8545457644876819  -7.2183628230970704  61.33538131756148  
1.389768270548382  -2.627802603944918  2.1169018619780564  
6.78230970502004  -9.447481966138358  2.3354211016564204  
6.275501379643849  0.1749466714903285  1.0699329164865345  
4.503706920152656  1.4648700248953723  1.3788967519087614  
2.7893017339103725  -7.7749802346550005  1.7713319962322345  
5.233300113473977  3.1009052281713068  1.4843636083399938  
4.729626869752707  4.37039198821738  1.1449571181091738  
-0.08804755439751055  8.005591607505401  0.5892970130844205  
-6.9540969771288115  9.165387682562685  1.4848423769342882  
1.0083732512356  4.812083522597902  0.5373021398473223  
-3.2504304434210702  8.805802474156224  1.9676037385927858  
7.0123185838662  -7.38455609781878  0.6123856741604685  
3.5870878964613837  -1.3048670393501443  1.9356274035331391  
0.010062834898857176  -0.3897163133959829  2.4387364152662108  
3.3655369178043255  -9.842470651791118  0.9217438180269566  
-8.267224668226476  2.007939452509559  9.815526069061956  
-8.178578126882975  0.8131059932318188  28.990563145804938  
-1.5315819871827436  4.248818253399209  38.938419355973174  
7.923320445304402  6.131228489384068  0.2608650600913612  
-9.772204151742436  6.525535804145566  1.719976385875928  
2.4989931628265545  -9.322594448574655  1.5236778987955617  
4.555383406686843  -9.367533834601556  0.3468249399591139  
1.0775807193181368  2.5694068692593603  1.645196472476178  
0.37554835856392366  0.15733665554039789  47.30649188779596  
8.837512900808598  -0.34176287916351455  1.6317956976293126  
-7.735195594249555  -3.969514002876611  0.27279364246748705  
-9.449241333438446  0.9495886584424404  1.508910990421333  
-9.45928780650605  -6.552584299847018  0.4094322472659162  
3.4140365732445677  1.7813936692722336  1.7157983897114424  
-2.441943329458132  -8.81974507567411  2.4259564586756057  
5.6576125552503065  -3.7268890091906943  1.0074064372771443  
-4.397077416957867  9.293768375552354  1.2428665248643287  
8.822313936635073  -4.437639217683009  1.459060443279464  
6.775299995181683  -3.7184702859566032  2.4013368479645574  
6.595377895810593  -4.655458214072659  1.794664654448313  
-9.74916428923426  -8.362114590065506  0.6750022756863729  
-1.9042368905565805  -8.76895040595909  0.8841239402267878  
7.31236084956133  -5.118664452960857  2.1956909140940635  
8.499553376522318  5.441723950999936  38.67403828267531  
9.541821926502138  -2.9550454264470094  1.6263068788943855  
-5.103932207055141  -6.6528480005895325  1.5939250509256735  
-9.436766084339244  -4.350521350686407  42.823513639016085  
-9.734685824801053  3.376445217274604  1.8190171073412214  
6.72728458423639  -0.8253154744126014  1.7822843911270714  
3.4674022406415954  8.80612485392382  1.9680980171944948  
-2.8717847160133614  -7.955316820278016  2.2439343121429247  
-1.8654540586184503  -5.054268624259565  0.4743192728211604  
-1.656399816217606  -3.857243730121027  0.5451510715248977  
-1.6437215371860816  -9.764207717376749  4.18617577817105  
-5.712345951902302  9.87135550294181  1.8219132460145626  
-5.9514941434536635  -5.2262357467806275  1.620065066669386  
6.568686819823299  -9.227102697849421  0.8780887455193159  
3.8970214776602656  4.783580850634301  0.4749607835932987  
-4.258664738772666  -7.273030857732278  0.1180520536366958  
-1.233889078662699  -3.455572441904808  0.11627534933157352  
8.84419602092802  -6.260417825998951  2.2920766593116104  
-6.537132606380118  -1.705626858894762  1.3882429767975863  
-6.3865175169137185  -4.659918411895303  0.21270536122962508  
-0.25215323569855386  3.62447448620404  0.917349510629635  
4.763331703834181  -0.39864186743049324  34.60288878357605  
-1.517314336017483  4.878991214440944  0.6052374383128528  
-7.276610993446438  -5.20103268405969  2.3409819026961523  
-6.194694832234791  -9.922677399683767  0.6599715618716817  
-9.775709568455449  5.7247944947651614  0.06514338629629385  
-2.776669866854837  -8.126697352737706  1.7613687148845922  
-2.8783277491738435  9.670883852108155  2.079770968681694  
-5.483655798623957  2.0674716618725455  0.08109387580468363  
8.84932997878279  4.099058885306375  1.0627459051242996  
-6.662389917169282  -9.812049209781303  2.003226378987519  
-1.1078464437985165  -2.988041480621293  1.552347746792731  
-5.594124715354116  9.655548140265282  1.015999487105954  
-9.330537818505034  -3.9588839827677047  1.3901563130800914  
-5.822108141906986  0.04871326796736497  2.3704157411281637  
-0.7806358744491568  -2.732299220239245  2.4005566402774723  
-8.107725950747373  -1.016025239463616  1.7264422642347474  
8.074768729292344  -0.20844576970651474  0.5900497465211287  
-1.1246804007858664  2.127480525680639  2.132487634913703  
-8.278328102922647  -2.935859974498154  1.7745724347835712  
-7.00058395581906  -5.146735953588653  1.8088654183052695  
-0.9696557778278354  1.001035167861513  1.6680292904862188  
6.184665063271936  4.06386589597548  24.27077224080259  
-1.9499588797242957  -0.11041162874711574  0.09023992786579477  
-2.1656616732163254  3.6889360076805033  0.43269784606689315  
7.557865746458383  -3.8926317685146694  2.0775045485398596  
-7.9051977859588725  -7.622566075768315  1.7763310485100976  
5.7524077967816485  -5.332971403591527  1.8039913693178429  
1.8305255986593512  6.899063995241196  1.658728884411593  
-8.517218927653065  -1.3967870576618164  0.8471482190184693  
7.204804047030432  -0.22944157380707608  22.160171742015876  
-1.59631306964636  -7.782873209411784  0.4553423270012169  
1.756820141287701  -5.37755708765197  0.5875610852531041  
7.447129629158635  -1.805598986083508  0.6009308825694787  
3.865667461108721  -2.178096725695145  1.1633045405969522  
8.001402794301548  -0.38813074477592835  1.7269655497627543  
-3.5080389351471393  9.867382613291753  1.5881408803926513  
3.1879826982430526  2.8488893118615426  0.7207341313684337  
3.087662153406603  5.0705293400573925  1.916031537267259  
-0.3730588267188484  2.418826790497711  0.7723427715614717  
-7.435258901663097  -6.9588724674118785  2.3563679373086646  
7.081512509288121  -6.263666580897236  13.020381439835825  
-8.78669780361104  0.49062595320336655  1.7176824594943816  
-1.627567330837234  4.836039960128435  0.060995071477621676  
4.459796269079739  -3.130099392474257  0.053782032404028624  
4.952682938466513  3.058288809868401  0.34920676852368104  
-3.6440524013325977  -7.643133271157987  1.1080086097839548  
8.533254703010172  -2.2824649802334367  1.4912907651491227  
-0.3109838961584206  1.7095716430845265  0.7763283916599012  
-5.849431784081929  4.769035609249993  51.515048683158646  
-5.3959741342253515  -7.499608896528249  0.9349537531693791  
-4.933836312936  4.489458439051617  1.5208321873663302  
-1.3714216253185203  1.2469523543989336  1.1032009957819067  
4.889294725185131  8.187027981402  2.1075476436485254  
-4.0091191375301705  5.955412027047117  1.037286374336217  
-2.6869526170484592  -5.043158508770507  0.5644197453238611  
-0.8783884811041496  8.591713169382817  0.4757643154999894  
-1.145391572201893  4.4969712756203855  1.660303394300924  
0.2302473374469738  5.99644519167988  0.3823104859721857  
4.990307727924247  -2.9990123912404165  0.4095948630307575  
-4.153518992273413  -7.2410694167990535  0.6565527505903229  
-4.923933428093152  -3.85747977522235  0.8576634505541456  
-7.782651124727529  4.566167694599738  65.60673287783735  
6.443863549298431  -3.832514663867479  0.8997604198951239  
4.450699216804026  -4.457747899422988  29.180724818976774  
-6.935142589751917  -0.8903945023167221  0.9166092488215871  
7.295621510725759  8.093898535782461  1.8241357313865323  
-0.8302189352853713  -6.855155653298892  2.1348797824438788  
0.4504637157078921  -1.222305885865902  0.9133367202171361  
3.2172391357638084  8.100382495893523  1.245749146205801  
-3.710937143468474  8.704704377512464  1.6087106566685097  
-7.399471259051462  9.133760036954087  0.9397537772518141  
2.8958151849611458  -8.001942629428363  0.372341325952677  
-5.516389597165556  -5.402191197530167  1.6411339984880997  
0.3002054033790351  0.819131906984369  1.4724922936569753  
-6.843142743668425  9.107001780849572  0.34987577271803183  
-7.198572969602701  -9.522026415264506  0.38413527181225066  
9.303200662209395  7.820842385070488  0.6246516385897247  
5.2737147372865145  -6.85643543323059  1.5188546397098919  
1.565304715792708  -7.040077688989315  0.8648647765574959  
-3.6569862691090416  -6.330427378243257  1.5048315880384322  
-4.195611196703091  8.570267258897996  1.1749989330265223  
6.325613717391995  6.0512026100652925  2.3626107681772033  
-7.558673626536542  4.551599104631155  2.219477051921891  
2.819369095322479  -5.971223047218299  2.0473518907629376  
7.27064429236037  5.965143182235158  0.10123251531776234  
-8.161868428910758  4.353670504043146  0.45327088762679907  
6.138048117788042  8.636595108103784  1.922195302200761  
7.380025041045197  6.232221745165454  2.10097246654483  
-1.127904574019027  7.069883407883324  2.308896985629756  
-2.6798234345956846  -4.5367505538826824  2.3533776111915676  
2.860648338498601  5.687346697987245  1.81139652346357  
8.51854028158678  6.7847971598617995  2.1309493644823836  
-8.337277237364153  9.411951102771326  1.2087317873736176  
-0.9665658082363127  2.945731565870952  1.7219197212626927  
9.046363258072354  -5.392823952909376  1.379097611846555  
-9.668589570077174  -5.982182226607162  65.59538693541  
-6.156826886968336  6.3901876977684715  1.5179559225668537  
-2.615906602648648  5.463901624090235  0.25282392661500036  
6.010113492496451  -6.666069571126998  1.6122791542927597  
-0.45739735343346055  -1.5221834087992399  2.0191883107875914  
9.28920645715749  -4.426239200262114  0.7041309716200692  
0.08019177334656291  -8.888353642081114  1.3185248541082293  
-9.1442378768582  7.3342432447518  18.266832389370716  
7.293719749857704  -6.2940347084903925  1.2055754354511272  
3.345758949744763  -0.10825894643827105  0.3216018401287868  
-4.945408230017227  -2.861317319552173  0.0686132190848679  
