Customers 200 
Coordinate X		 Coordinate Y 		Demand 
4.465275993410261  6.427090019130471  2.0663008360945017  
-1.2868223508702048  -5.949719950753883  0.2922328975260241  
4.564971440966394  1.657679656590851  2.3257342511885524  
6.555290458907368  1.6470108109562673  0.7117581485848062  
7.381293816146751  -3.1441896551499715  0.0826161577291265  
1.0818005260374104  6.695944268891804  1.6792471170811816  
0.2482678122197246  8.165461604019246  0.9705952858019762  
-5.085285692448965  1.2452330472530964  1.2111392270847177  
-7.175535762303151  3.5198519495933454  8.583123599188857  
3.447368618878402  -0.18069345205042175  1.6711900648185793  
1.4219377658376402  -0.7400383322683908  0.20533374939572524  
-0.9773852189573677  4.270424437561417  0.670226999303237  
-8.196819974549985  -5.980105650855965  0.7130501774058553  
-3.2569221493117677  8.123632923186047  0.8503355711508276  
-1.975779873828225  5.582214126959247  1.975059949432186  
-8.008377383652405  8.618259160670895  0.9851154498455159  
-0.09801249942240986  1.4063753728767487  0.2857985663555873  
-5.259850225795184  -0.3509383701307769  1.4526484571958242  
6.684070795424756  -1.466625802612441  2.327782583712085  
-9.275152738762138  3.8101639228050583  0.26281769943815536  
-0.5010067921882726  -6.430252103902556  2.1145327621118177  
4.566020308009886  6.74489529281372  1.4456195792458653  
-9.834868706959801  8.45403991601944  0.18218492963206434  
4.910628020211398  2.00466913583419  0.7321087173250385  
-1.0636013169639469  2.7088661696247236  0.2739289444246795  
-3.32434920371786  -0.37998663581161907  1.5846164186377827  
-1.237174532589819  7.8816977373210335  1.886417198172792  
-9.529589719261736  -3.41311094057013  0.2578839236535413  
-1.3558454729970784  4.877492954927124  7.013790009601432  
4.2759701838472175  -7.528585506158949  1.6977496454324834  
3.6545779724009346  9.88629526791697  0.3179041771743876  
-2.540255117317683  -1.663877288477389  1.2090332906956367  
-5.783255933021483  -0.39106642570754424  1.6405712829039905  
2.2034344484446535  -7.809120555590974  2.4492548549664903  
-7.796842660082602  -8.516064075571341  2.2741685923075488  
2.4224167403746204  -0.8284186414846033  0.4298312968064724  
6.4430913909093555  -0.3812047630985642  0.9375413667138338  
-4.745281659615454  -0.35023635907657535  1.3313902782128848  
-4.786849645970898  -7.871298972114773  0.40467009260811926  
-4.802306968416234  -6.523758457828146  1.5648420066888158  
8.289592114982494  0.5858702997011598  0.42079928671929806  
5.970526763606987  -6.438090330847228  1.6348498885316647  
-3.8594488136314897  -2.717403794536657  0.9336598792015518  
-9.819298764815631  6.998822898120999  0.9873403024181931  
-1.16372909210709  1.011145102206065  2.133926773870249  
-8.127465410170675  6.924688812394088  19.469541082360994  
-7.744514590630562  -2.936378049455781  26.710135115079314  
-7.964070582068494  3.3338897228972755  30.82871074045846  
-5.8339355692863855  2.1549339281916495  43.3617375896202  
2.1534490943283995  6.038165815258633  0.8327855222095992  
-2.241946758873752  9.971971470331717  37.40636387326352  
5.863851899584933  -2.0199208792634877  2.1265885671590614  
5.2072280532407245  -1.947862054730777  0.28877478105352544  
3.820199930740957  2.1023885135800136  0.23376629653537095  
-1.1527021666732722  1.6943494135322013  2.1043287540632765  
1.820680445394732  9.976454389023278  1.5384501148240681  
-7.471131716035561  5.605628675306955  1.3557630262468243  
7.290250237382903  5.3928039695724195  25.01933129724467  
-9.256697076404611  8.98642086582771  17.234913346023887  
4.191240538913515  1.1169805131458226  47.28821324418705  
8.089599572561454  4.7577564427319885  0.9894902308709606  
1.4410373687493028  -7.986202911074551  1.297154161741513  
6.662410166492375  -1.3666190726123428  1.8330966424613244  
-5.085028307946075  -7.256871821742148  0.20585054177055778  
-6.060672875963496  -1.2600145601586181  16.402900882313318  
8.112535354579691  -6.769644554874203  62.85276208290584  
8.745564338806723  -8.51134812403516  0.0662372948595219  
1.5650549216352712  -9.88539921548243  30.451111926629743  
7.874153787362129  4.400650789761899  2.2648935168747206  
6.062943407825422  -2.622137453819951  45.08292962256803  
-9.060215518007102  1.5907035942389882  1.694856916275603  
-0.21933931310323374  4.358188787140678  0.9577824204706065  
6.044411763674642  2.6108443125811895  0.42210078409600366  
-5.622500263538999  -5.64999193015562  1.7973713966512248  
3.832756362390743  0.3580006886749558  1.9861802964637179  
0.1523290598947149  1.9947428676054653  1.4266817409219068  
-7.484178034752988  -1.2515789029650897  1.0915686561785134  
5.330419020011698  -7.3351686903730595  2.1700357012629268  
-8.559445257109328  -4.1379268293483396  32.20079992178248  
9.560467078610834  -7.955718119747499  1.014230077345493  
5.7837725315767425  3.260135073388483  2.3032886145852647  
-3.3000421278658543  -0.8911139403544848  1.4145114648759671  
9.94848518424288  -2.821286766940765  32.36221068186185  
-3.0330237532180533  0.7092157557344763  0.9674036749556167  
-7.759269937354585  2.301897776060578  0.525210551823623  
-6.463398714295807  -9.04047172055498  1.7570271625593197  
-1.5949437461417446  -6.182703516763395  2.240494001444343  
-6.339996227048232  3.6357019877677494  0.8065520211833788  
-3.4032308847764288  8.457160146976733  63.45500852838546  
9.384376765934533  -9.214666159656222  1.1914241356219903  
-8.630926351560877  0.2282280792843423  0.11986036707595932  
-2.0481820042204486  5.75311916289664  2.49600629206641  
-0.7467694579546329  1.5334231911059781  66.87269577740342  
-3.0447060836520645  -6.175363332446171  65.91116038976436  
3.5098587636371903  -4.611486677282004  6.857029540634223  
-5.670190961313053  -1.3083274165567271  1.9682037072553764  
-9.370497137599855  9.436871970750815  2.092142095954597  
-1.7430945457074394  -2.05780422826286  2.274506787913449  
-3.839405160017426  7.465455538682463  0.019626810627597358  
-2.939383965052455  5.7781211057953215  1.7513270299528032  
-7.557068716499151  -0.8748672104210531  28.564192376180152  
4.172999043730897  6.163982080289376  11.973020764911036  
-4.175203934276066  -6.44152397167897  1.6591474663552024  
8.24737749595203  4.609629217345146  0.9504602362390455  
-4.0581520348699485  7.638158483779932  2.3423150603656397  
-6.502592422661452  -8.20990345775461  0.6920631802817248  
-5.364097830222898  4.519061010682279  1.7827543503390963  
0.3401055677070204  -2.7942560949544752  37.405193452435064  
7.091729935062826  3.2072360088939273  1.4698549796122458  
1.4209493818069845  -3.9141901789483935  3.4160446531242634  
2.7699983557706087  4.8488324249209676  47.74875343717239  
-6.900809714956331  -2.261501151220653  22.494241484271676  
8.71448182404588  6.442121835742157  62.234169484555174  
7.471491342804477  8.550725214333063  1.7512763755346437  
2.811660428176495  -2.3242557680793468  0.6784900489756512  
-4.9879770543116475  7.840640724136865  0.25097506742933123  
9.58084207922844  1.596298449936512  0.06770457643679229  
-7.0928625172073545  -0.2339293878920401  1.3562667856104662  
-3.927076826624562  4.80840466237288  26.748574871090767  
-0.8372517100497561  9.491982531983716  0.840322189876743  
-9.54408332064163  7.910360448630282  55.22545649950408  
-2.437458051382679  -3.1798869140495656  0.06018119055117788  
-9.134623384983819  -8.131478717930918  1.4017496227297226  
3.555139972596111  5.4838802295293725  1.6111475223429128  
-2.9021648636627972  1.0335223368944408  1.5848305930364033  
6.148348048001459  -8.6883013577011  0.03748841929986896  
2.7253858223325285  8.501473791788406  0.7701460484976266  
5.888601860109734  -2.5381642078600724  0.031079718556636104  
-9.790467193552537  -5.476748847036543  0.6206236352080619  
-5.996248304187619  9.931917586944856  0.1746369161596964  
-3.4075664736402134  -6.33499244176434  1.2982151389803762  
2.787293812231459  -8.453774635209353  0.9111737133937137  
2.343658468171144  -8.57697205433592  0.3098955552180338  
2.3021897171381376  -2.376105542379163  1.046327179907129  
0.9405922495732817  -4.003941842169343  2.2742248742546214  
3.4823826928359445  1.5311505660073905  0.21519146321626936  
-8.239393876482062  -4.081771581727631  2.3526138272168144  
-7.2898471418385435  3.3207020776526974  0.3703000090765357  
3.8631177533102203  -0.7443042425219719  1.7144329096303599  
7.947418461136444  -0.33858333041284006  67.27681146367019  
3.23967325803749  -4.929865489283733  1.5301064679932783  
-8.500874856041058  -1.7385959479870543  0.19064038577805892  
1.1101690183813382  2.8521966338864857  0.11133193022017207  
-0.5131654018423468  4.987635428923605  0.5438704065407052  
5.8433424302717505  0.628066638322526  0.9425649034741079  
-6.889352949971867  -3.114782489863499  2.039596718651992  
6.079653417767844  7.442239596263395  2.472910611445447  
1.7775754016744294  -0.7005476050740995  1.4923312867086034  
-2.3653127662712397  0.9196426965840736  1.1625627857495617  
-6.825496767399479  -9.696196304908947  1.3279163204028888  
-8.2388045577241  -4.389771942557344  2.40292994333573  
-9.63615476776675  0.636898578519336  2.3054850814524013  
7.347906952714602  -7.180838105203162  2.0545902949643002  
0.9800379469843268  2.351684163927887  60.49882696472787  
-5.366767891607481  -2.3742653757978864  1.9722154960411895  
8.604985819732477  4.379869884994738  1.7228801091969494  
3.0119823124312877  3.7941141636241316  1.0106039819526238  
1.4005902563216281  -1.7852217221236195  1.6997471897817706  
-9.486766590784896  -7.720925981776712  1.130964974632397  
-1.9235226907753056  1.9157273166609272  1.916281925445349  
-2.472542461252976  -5.970187098585629  1.3515924310148923  
-3.7289386012763632  -4.362928331863031  47.28839432722663  
-7.638954724742726  -7.205001483759372  0.41207171511322777  
-6.575937699116954  6.885026735485347  1.2735631137560772  
1.1963479825807966  8.632154188516019  2.1451572399209384  
-4.781399843319032  8.705403011285583  12.7521000941211  
0.035360558560604716  7.824519336647306  0.6754636932384925  
-8.329001006392344  -0.9946300099158183  2.0361085755550126  
-8.794827138133577  9.908501724531668  0.6891101180778869  
5.9464180006662755  -5.787618517746682  1.4015233155256743  
-7.996686281224495  7.51485322749955  1.1434581020156593  
5.97843732279607  -4.526617377531603  1.539736709937833  
8.061111779991563  -0.2733074288719113  1.4110849666488423  
-6.02927299661655  -9.402574502850198  2.4157970730110923  
9.003199956269334  4.6574938088846025  54.30084475672232  
-6.141082354757126  -0.05518259051236818  0.8091359805485996  
8.981286659839444  1.9521751742963307  2.434166263100496  
1.81080305786082  -0.534072038663334  1.6190554818326344  
-0.3396795686105296  0.9144066265711164  0.14370581364102214  
9.842998378667755  -0.90721968829512  1.7558171116783983  
8.23517073256102  -5.036735980157328  1.0585325394603093  
-2.3678248555535886  -0.3134533183533623  0.923973170048765  
-1.9440480692464064  8.122352536301868  2.3249497909414454  
-7.400992917557547  -3.2559159548916323  1.729581192980808  
-5.559882422468232  4.2445265683296185  1.9091157179677845  
3.3429387095542893  4.066619197690148  2.1679422126120285  
3.2494414276020223  -5.324668180863352  1.1165959443606033  
-3.494084275425429  -4.406274449629666  1.6735030036254899  
-5.189977716566241  5.058290399526424  1.4992759874701433  
-7.856807886919295  8.60570218126114  0.03856364033339138  
-9.246574016753033  6.985157819530379  0.7687736900884523  
-2.3206579279007205  -3.5025112992427694  1.6324302450686083  
-3.6428997236634064  5.194276973868423  0.4604926117178998  
5.52760374408229  4.327237639016149  0.4776542707301898  
5.962176946537358  -3.9798489835618227  1.2174572237837742  
4.450676161797553  5.342671205610024  2.3649982540316903  
-5.953203519235788  -2.202638138086419  2.1880697196113  
-0.2589022652243411  1.68834278918294  0.8137693264189703  
9.533070388490263  -1.0780385749372297  1.6569298984283778  
2.2993296160668297  -2.503062949500836  1.8091605495915106  
