Customers 200 
Coordinate X		 Coordinate Y 		Demand 
-11.96377653422094  0.4063983332100918  0.967594519518967  
0.511178691956399  -7.72391898126251  2.1781096605589316  
8.518492636975115  -10.091556896577455  1.4218964674110994  
6.405222909841637  8.088449794194439  39.43243878679344  
3.8378466366816077  0.6067303995270343  1.589548836463518  
-2.1609523554876997  -8.57495609161997  1.8324773287391058  
9.548310996524023  14.785741750614338  0.514716173263921  
1.5580719539146095  -0.8327167539135463  2.0746881463434526  
8.386140477076736  -0.5688120073004335  7.8955478096211  
6.541628952448239  -14.363309943227327  17.590810478538067  
11.72557215653822  -4.1822918362957076  1.3282737483084242  
-11.021077670401192  3.5226101876415363  0.6327009868795865  
-2.95040266431492  9.110602730664176  0.6992055564929458  
-9.103282658596921  -13.320553030845067  1.9583877000503356  
-13.915816399847674  6.067548653312784  2.043339425462681  
-14.16279606983873  11.629338325693322  1.7776552001537607  
-14.255614801631523  6.42622065413947  2.086019673423295  
-7.51553383670898  -7.893787733827108  1.5958210621842737  
1.5407817933722718  -8.93622910706212  2.190913096200676  
4.637999446533495  -11.522835485145638  1.4119504933213092  
10.594683970356986  -12.485911936818411  1.3716480549617898  
3.4317099259235846  11.377095448813492  1.267864170427172  
-1.0894640530798867  10.928788331760906  58.37374686849292  
-4.80316403088719  6.392532891466029  0.6506922995969289  
-4.946035626816904  -3.932131696368481  34.43260267842142  
-4.132773188990933  -5.869400837228026  52.058686089050624  
9.883896292684074  13.405955669102593  0.48035495160914404  
10.32541624266512  -12.490966040155186  1.8279325431287448  
9.487200739143773  -10.059897309017977  1.1809251962007616  
2.587936039628911  5.6032343743170365  1.6223475223282962  
-4.035725418684141  -7.214951868977291  0.7058926350110056  
10.228287115637439  0.8862363606805062  0.2548637443862392  
8.214023738260707  11.141901490066768  1.249942075927906  
-6.063964773908419  4.197575045589119  0.33205331566441343  
12.366667306293788  9.7261704674658  0.6892668284405226  
10.610440937049251  -10.723033255711846  0.47996607490656346  
-10.987190315022623  14.24107947920389  1.4684521521734708  
-14.112924738527674  -13.801251043429403  1.7136941431203168  
-8.122787509762297  -3.017886672170963  40.67643026175511  
-10.504138699648959  -9.456987061719657  0.8011075662902006  
-9.91429290485469  -1.8412761946640295  1.356382669398204  
4.34896803297309  2.6393684735239376  1.763339280841007  
3.673685174376214  -3.9808628780979447  1.3602753196619213  
-12.242997371068672  -1.2807225447326012  2.2795974175666216  
-0.5153988361483268  6.364201059206422  0.40209261537070745  
10.671937484421203  3.3128961229972695  2.388883304328784  
12.106930493579217  -0.4637976348407964  1.940860546541499  
-1.6447939380362069  -10.273640787638834  1.0061925685680009  
1.998015046501223  10.468603794089624  25.23975727327037  
13.36940753590169  2.935448771193389  1.395779022409136  
-9.556763651387591  14.88262885052827  1.7387984103123222  
-10.707943218504841  6.731578438149295  2.3690572226613167  
-1.5010482570514068  -7.783367311721211  45.99830791848781  
-8.950179172447008  14.456039738150032  0.09972392866178875  
14.567637405469398  3.3742013045116686  1.7878153712892262  
-14.728326830475208  -9.841563503004345  1.073675449223991  
12.753666079362414  -1.1230863192207448  2.0138355966475636  
1.55940505133238  4.5152581761790955  2.3162991086091673  
-8.35183504958649  10.507703422749213  1.55087724103372  
13.073940088534059  -2.655485569537092  0.6647172942714621  
10.691384892731971  7.030758797386515  1.2409031767212597  
12.335869659909893  6.052384594977742  0.9775618506345287  
-1.2389728219725082  -7.92610205710143  42.98115804716333  
-14.361325560957752  -13.152193136904  1.2998574865405585  
-12.865045816138153  -0.24064117927414408  0.7943816797824038  
6.97304032876562  13.060947674312018  1.1255913087039624  
-13.523269135375399  11.168937332131424  1.4060081789387118  
-10.139268735666432  -7.598503586532777  2.0255478379893175  
-5.007569550304403  2.22941562736316  2.3957811110044736  
-7.003563687609088  2.492711858954319  0.5329867884838707  
2.4071397331552404  11.104216041598988  2.1415101961560827  
3.096045261454556  11.517164810686662  1.3047420907409961  
11.909607924824066  0.6772139684695837  0.9774595917632695  
-14.150222045899294  8.310111605611365  1.700319942079085  
-10.286531160943023  -10.785340813033873  37.214344274184484  
13.378611498278048  13.736438704721333  2.046574570203234  
-10.61651849133906  -0.20887289389549224  1.189352268718318  
14.092438878089126  -7.312887164172639  41.290129349352924  
-14.42478032908636  -13.434550333329101  2.4780256499957813  
-11.6515980161276  -6.468924241541574  65.06537458542111  
9.336651413255773  -6.507439001017335  1.2201536798234605  
10.807829676200733  9.35852104087768  2.080328566103982  
14.620048589848754  -1.4428114229910687  2.3926807282713116  
7.890222339006957  -7.148510543109251  28.10618720911011  
-6.847341420608986  14.115338155312472  0.18295299984663227  
-3.777277746368508  14.1177215100209  2.1884177510365466  
-7.685423122202248  1.4294989823263577  0.14296605281073765  
5.483501637753729  -11.676293401545925  0.5098835346603581  
-1.8277359515092861  4.983516905874623  0.31532278007173203  
-3.4624885192017434  -2.5371409418160056  1.9808472693528365  
13.316134571549355  -10.336936123892707  42.74267240305119  
3.26302503143436  -11.90523202616498  0.7653378034026154  
6.650663126126805  11.387649003067402  0.24386030673935882  
13.967414821929001  4.391452559214919  0.7531856201969291  
-10.214555882473622  9.28010213275185  0.2524110240719732  
-14.209399562267054  -6.673438273069154  2.3972694678762503  
2.175636795814455  14.959473981296778  0.5631825654283493  
2.9946056935428196  -3.656546551083329  0.9296996016096182  
4.660242729718895  -7.956718220507531  1.9265102082780994  
-2.4623382463335233  -10.661902331894362  0.22451576596448058  
-11.453357605246623  -3.554949050736454  0.4793738241761822  
-12.16870894186157  -9.707266777804108  2.199478277675529  
14.889837862834305  5.553071706035734  2.415514555166433  
-0.9211858196518534  11.396217845877043  2.274530354912789  
-3.885163824559804  1.8763298258042447  1.7678871205634068  
6.093717830389199  9.987014005923303  2.0295095131863587  
-0.369395929191235  4.243529353237918  1.508525020112973  
6.9963120482947545  0.15474181241172325  0.8286866396493414  
0.584044069923447  -12.858841780510225  1.2958978459962964  
13.687127094825403  14.33623706660535  1.3047101002750792  
-1.5975829961509458  -3.7234722664243005  0.8248372059931239  
-7.504522139542629  1.7420566411132263  1.71953414359604  
9.272658528476821  -4.048274483396339  0.8591114202180425  
5.901637136023005  -2.0506358880335167  1.3449085643249739  
-5.793978808756425  11.334418877685469  2.1517251398430504  
3.7310556239353474  7.497135826565707  0.6300083503786064  
-0.16352001536366778  -3.788554257878186  0.5830234355472025  
9.719065786617744  8.819620997691018  1.0487815245967318  
-13.398658331773643  4.31113303641909  2.4716780128492513  
-13.155495494656046  -11.645998851569257  0.14459302923375494  
-3.54750666464758  -10.21972326499772  58.5321894087357  
-7.669305001129134  8.158176463249774  0.4147428458890884  
-0.2532728465640144  9.901721908560496  1.9290906473508707  
10.712228115969918  -11.125377641603286  1.3024364783502327  
-1.5364176580165214  -9.361519668349308  0.5226103591822193  
0.8659689226072658  7.376257908468304  1.6887860468942977  
10.399134388218524  -6.909672210707702  0.9864063311237783  
10.404743673545678  -4.069750450719985  0.9024201028953394  
-13.515819612491192  6.448811264103458  19.580168080567493  
8.332127501182775  -12.78429288343693  1.88927998387489  
-9.124752844230757  10.5366043439155  0.5197133786773864  
-5.6432163354322835  -12.96881173543794  0.8101810227340189  
-9.033136375068668  8.517156007083404  3.0991744178222396  
-9.235217485479474  4.027970335710183  0.45871726949461983  
-8.026463090846859  7.860561961214671  1.1037943206035605  
10.248342300616848  -6.694990921782525  0.5170867540631124  
-1.7701284587969148  -4.848401001331366  1.184685524305304  
10.589429140176499  -11.798469904778525  0.792416264993922  
10.857256291024939  -12.174139291237282  0.23662867092665074  
4.596652240048314  12.123194550560015  1.7011638089794738  
8.945577064897765  13.419930763206786  0.2774434611529611  
-8.806106744048417  -0.26223264306041116  1.894175919278268  
-11.101627078876628  -5.57846766178052  35.337730929777486  
11.05910431554458  -5.623771298993251  1.0399792630329199  
-5.910113675419739  4.305591454469578  0.3845233853273916  
7.711717836811534  -4.024728787306746  39.41275286305824  
14.482439651743626  -12.157852342604256  0.1796473772540516  
-7.5528997907531  11.397114916163211  0.0254751603788525  
3.3525763280175447  -3.7379436989472623  0.9494913366742439  
-0.9835122244375505  -3.5374233182025954  36.090413161378514  
-4.225596250120432  -14.633584812514748  48.99562421788189  
11.450847686714756  -13.466661837033776  0.5307563339505541  
-8.991424743903272  2.1656524487026623  2.0074373863108224  
-4.072909331409738  -0.0206557568393535  2.296456780685883  
-11.554649240795206  3.1342193756092556  1.0131880774322888  
-4.924911668570729  -3.6327340810511526  2.3788311377369613  
4.250173077992326  -5.333182742146308  1.9807678355854481  
10.623915131286136  -1.2940213566915801  1.2353562440160981  
-6.639810029067537  -6.177899625669685  1.2576470841145126  
7.785766497019907  -13.415021791621381  1.6633057058388199  
-1.019823430820031  4.939793809544959  0.28944934459698396  
-7.724014474429347  14.541681392386515  1.9231599235431462  
-10.773727213625387  5.217161753572885  0.3691088879486401  
-1.6323670047906056  -2.5064542567505157  1.0710306020896754  
-11.934003114126448  -0.16923794490505983  1.025707095063543  
13.879040475591662  -7.429056569850095  1.3926782922114598  
5.202950900240914  4.689427826140218  1.008065780191435  
-4.507211339622582  14.186736276077294  0.9567014434900825  
-2.9453238221092235  2.404410303399473  1.4431759258326449  
-14.695461145175836  -13.321527178963542  2.4294741561959543  
8.472074975229138  14.562626223429007  1.3745397657031966  
-12.999836456087849  -3.6408354127993103  2.419411951459553  
-7.651144748395976  -9.111060777256359  1.510504087130239  
-12.44038909755163  -7.6874369337391695  1.2431426534793777  
11.769422855553813  3.3834191906706934  0.13766349036791026  
7.885935538145805  12.76888007161708  32.1364127146948  
6.843669095448718  11.019511544655135  0.7794108615208512  
13.257944857756858  11.3968964449932  1.5155443042335222  
-4.122924575676036  -1.9109362913507937  1.8047141504680653  
2.004884183043128  -14.651616344790746  0.667310649235642  
-1.9754067097166104  6.7801307059927645  1.31719676635369  
-1.698390216856824  4.39078618441885  1.0759911316307569  
-7.923280682349932  12.073514523492491  1.2796002163760878  
12.482682114334558  -12.035905172517488  1.5890014049667454  
-6.473785293971407  14.543961169762973  0.4537069151147244  
9.773817034363397  14.497855447021934  2.4533860207239404  
9.563897282600035  14.15196092032366  1.3608014734765697  
-4.160870258970558  4.824244427413731  0.02751571878522291  
-0.8480482579470419  -14.38791337513181  2.092748003346002  
5.042618813448783  -0.9768470884240603  1.0553149614921362  
2.8231894151979624  13.423805063881428  1.9287625479573645  
-5.177683611497043  3.5352139695322506  2.0205981926634315  
14.354700641977491  2.150704947200012  0.33795774566577924  
-12.924454631108585  12.878710535776317  2.224092753472128  
13.964331760470692  5.034073188930506  56.80575704493334  
-5.046270858688528  7.806305640495907  2.3507271787013577  
-9.821571329982053  1.5267596985596938  1.6831278628500945  
0.9651770433067277  9.237529418917958  0.9197616318086401  
-4.980721690487462  1.8332688046761305  1.4070960364098106  
-10.215704248826183  4.802955259620198  45.34591784557494  
