Customers 200 
Coordinate X		 Coordinate Y 		Demand 
-19.757117251455256  2.7878179817712834  0.42109675940155633  
7.228847857107148  14.441868350226123  0.2664478743628937  
-19.475427044339195  9.528841826561823  51.2414198946987  
-7.555071061850121  19.053147729650895  1.4698044919133457  
-1.404919052865317  -16.80121588914149  1.5503541081845147  
-7.394743778870861  16.991547111693734  1.7376135002271202  
18.41179088141488  16.77685601468852  1.0732949075231106  
-12.46805005606134  15.126734789644722  2.1138943939758006  
10.537857615122345  -3.640235631010917  0.5508932042648101  
19.94266586622247  5.678181700088839  1.7179874236828128  
15.969906461354448  1.9965628722811637  12.274074644541079  
-12.815206418227545  17.856890957851284  2.4204119303808005  
4.724040545101435  -0.6049256323504437  1.782330215761343  
1.8685820834109066  5.144334469959393  2.437944142348574  
9.961396593889447  4.531158638888545  60.72396514586697  
7.180440049489004  15.239853876639188  37.047796365652516  
8.43450684007649  -6.807952714449952  1.9830723389730114  
-17.342334377298897  19.707756394285937  1.9123535924366533  
-11.964297193479322  -2.514975393898375  1.8022796298308297  
6.205845103718637  -9.644623780528306  0.5479118858616444  
13.228826102627721  1.3426823074190324  1.7044149910393145  
8.140184569063592  19.373345479974333  2.261885588068274  
-10.854509950876015  17.05600700226472  1.9870949849810797  
-16.96798884648379  10.269309927127452  1.0504231208593697  
-4.872860920854482  14.866550664718659  0.38721719526735754  
-4.8582934836391765  -3.373632967900125  0.7393920481300442  
-11.50584102729078  -12.35106325327465  0.0852940809324168  
3.2193101258342054  -4.2825523266873144  7.574538523233436  
9.323293514830063  2.714939906771029  1.3311553640162346  
-19.545948397175266  -5.9930871808852935  60.43783959223061  
-12.985397545066014  -17.229591554867625  0.09922194878823537  
15.35405720876745  -8.42939363951951  1.0733818717601882  
19.429231557014624  8.056258157990776  0.3065546036955577  
9.337484652388525  2.4656125500634403  1.8444894267324754  
5.379220379463693  -18.295194785262744  48.399259272167754  
-3.1836701898719895  -1.919029174726198  0.14618005902009928  
1.2506230443714585  -9.657318626099798  1.558798864356198  
3.554164005242807  -9.499400250030288  48.277460040156186  
2.5411732976684007  -18.02842618995313  0.03137565227850303  
9.079041566116803  -17.090323406056747  1.9426306505737045  
-18.90625025160501  -6.841942993027974  2.4553185368893717  
-11.067159220871554  4.075723390720064  0.31656145360157373  
18.80689613230529  7.563748558711758  1.502947650806927  
-17.461732474210066  13.935651059249338  57.78606437635552  
-11.396360922953734  17.84705245939403  0.5251568203121271  
-17.535196505028704  -2.67998965616  0.5397141317908902  
3.4398573200488656  -7.032269633862578  1.138572852956021  
10.874811272599864  12.845699071757515  0.03610709549934227  
-15.866548289093103  -17.07444363061739  1.6411134994082772  
-1.068922098374813  14.00837835713898  1.0010411482264059  
-13.204432136782849  2.9643079738201905  26.45069615748828  
14.94702977824224  -10.494157815753953  2.300912675890381  
-19.354884874784407  -10.727671739303041  0.5944676042144406  
-2.939128431089621  19.823598661154733  0.8439412371055477  
16.987841184763667  8.21093547849901  1.4242545968376845  
-3.7850944420044463  17.11390588678543  21.135765949835548  
-19.85879372395731  -8.898101358483682  0.31227762887313937  
-14.778727512332615  5.399512079698724  2.4378674108130434  
1.086304680604762  -3.394741934503731  9.429677432454273  
19.695370001855586  8.133359302837675  1.1635396244350265  
-15.3719102909097  12.718720446750098  0.9672600362845598  
-13.361803389568667  -19.854512978402937  0.5004125342761165  
-9.154845077344685  0.4298874463636615  0.9313993265717349  
-13.55112778097669  -8.991600700251471  2.0869313801470013  
-18.38969814760171  11.052569141571801  0.23024602993052395  
4.148584034703724  -3.1478654471886784  1.424473059389801  
12.963174095942954  19.278425510717014  0.9899530352963968  
15.597206806791391  -12.3397063832296  1.217144960990273  
4.116181790979184  3.975191784199904  0.9152163879797076  
4.483848299169857  -12.921726305594943  1.560490826380109  
-16.125016470080258  18.76274006656204  0.7586360733753785  
15.8725787881339  -8.235036956939732  1.9498070123677742  
5.254761934427144  4.398211306413529  61.89315183134427  
-17.91542806167216  -12.68086110027097  0.7037730252373192  
9.073556675713053  -14.998506436819476  1.2620927979298477  
-13.302065969794459  -12.188176790745274  16.23138240929025  
7.30389682180563  -19.84772918738157  1.1410360279502838  
2.4464527658774955  15.955847890241714  2.036890373098732  
6.963979310363499  14.88991317367148  0.20135806806756806  
-11.201476148688174  -9.05612801446912  0.2864425892381678  
-14.670345200258627  19.64743965315853  1.8270011185276915  
4.997503569078205  -19.013887137358566  2.277153004666706  
-2.751542733926911  -17.84917898738992  2.1916658906906195  
4.34473451274237  7.57902576440841  1.7842688955955655  
-14.663055738481647  3.314860112224345  0.7632984812640178  
-14.49350104441204  -1.4637986742022093  0.7791651373697084  
-6.1574232491415515  -0.8330936905920652  2.0178356163569444  
-13.373848504878442  16.8127090986412  2.439857898642665  
16.951407527749637  0.8296499095424856  2.3954126140240533  
18.02267084289982  -17.845845981937146  1.3424573005470355  
2.322815770493058  14.594251756326763  2.1572363743744294  
-0.7431095522383693  -7.398308564289081  2.054261727120423  
-19.367451904043612  14.115051277126426  2.42632675871367  
16.34665765677044  2.8842423215921578  0.4741970413533228  
-18.094697818610047  6.757110156843652  23.992637910701966  
-15.087837077466798  -13.27082517677573  0.3913041195503364  
9.418119571260185  6.127832869576206  2.209604692894398  
15.032699788060228  0.12268335309193645  24.9528093329745  
-8.044176559180073  -7.176073095980588  1.758790348360251  
-16.403900159958532  12.55113288323733  0.5916581164587256  
5.199759290865053  -4.575061750560652  0.5350505836792476  
-10.07791004934151  -16.745395911680806  35.81812589482038  
-16.96891224355815  -6.2353800882240975  2.091205050473725  
-19.559172974333183  -10.476101030655665  59.275449867977116  
-10.470126503136768  -3.488611601786374  1.556946736271715  
-1.7921349705513805  -15.927746373735046  1.7254402981035841  
12.451231568750345  15.089100011758461  1.89634955698648  
3.0367847688428142  8.513003208507605  2.3242529348694085  
8.959770779109274  -14.030571581774733  0.11486974006215678  
18.030760577962084  19.974463294997435  0.03462931694838217  
-15.596416798792742  -16.632950004799852  1.824043624009302  
8.294298260105755  17.883258725652  1.8698798370750678  
14.90904706641792  -5.631066971479459  20.76362097760697  
-12.393599154392039  7.947364433931526  1.1129964460881772  
14.577667478872392  18.528947100603368  2.4735844091938777  
18.83640516440338  -9.629897286535005  1.9442929635391786  
18.066223656201863  -16.04094613255295  1.2965174667854815  
-16.11624854540868  9.326347461247323  8.12848934455943  
-0.6685305050496915  -18.05166002590186  1.789757687384942  
8.922922747292674  -9.26781689131741  0.33631246878820215  
17.32062785173661  12.141120224830345  0.909304827226598  
0.7348135668715692  -14.66072436249732  1.3832082591932024  
9.388942922115081  0.30537682422161083  1.7264273800107723  
-0.09422667051027389  4.185195345209234  1.1277152589789643  
3.2255290220509956  -19.277211862648866  1.9259234518255592  
-13.324426451747652  3.430949651137979  2.353356298577887  
8.068770319193721  -14.768424467601204  0.42770323057395865  
-14.784445341273296  -14.383028729765467  1.417858938483754  
15.9925238259557  -9.046555894389181  1.164896243736907  
2.118195910650673  -5.631182636568187  2.1610384725335976  
-5.955628441093754  8.735850918308984  1.1766863468456759  
-15.120636754457117  -10.416181266769593  1.378385415974882  
-1.9828285057205584  4.340853598118816  0.7990773570974194  
-3.8455222880379196  0.12994152790617974  7.898789244283147  
-11.364835152989121  -5.5882076943962655  51.27898150420667  
9.56986738475429  1.0881043972483369  1.3880009848854937  
-19.064122915849747  -10.750940591403317  0.4245148535970106  
-17.129461514498693  12.569205516625281  0.5208382802282269  
7.629076458552348  -15.573812486325572  34.219229115205515  
-5.814373415653433  7.137097951933097  67.93019998015967  
-12.78597222828337  13.277536125086549  1.521891942871518  
-2.807228969007557  -17.13121642254526  2.4940444161986735  
-2.3636999147169426  2.288797149771394  0.5416107474639056  
0.9626672365573476  9.083055376511439  1.4738812596282242  
-13.734624075179074  -18.57841091204172  0.5605461547915747  
10.26504025210999  -18.23115030573917  1.799335763660606  
-3.0256927156268567  11.403380691590648  62.307774761018734  
-7.882697687803963  -4.255441759920725  1.677004214318412  
5.102675810159084  0.01400111507073376  1.9950665367798237  
-15.642873833731041  10.579540845280558  0.27915712146327737  
-18.915895441938815  -10.600026533741342  1.5085226061260744  
-7.979795683079125  17.309102780699803  1.0130416879976187  
13.519566484346072  -13.552061383007135  2.4044690065416354  
7.3044250937554125  2.9741713814071673  1.0336238447651123  
12.477747495058274  18.248408863273774  1.7440454073539533  
18.90172942331081  -19.983063918896534  0.720471345316766  
3.8037083194677095  -15.318901077131928  2.0239501396061  
6.478893230966708  -2.4363065420037984  67.06943801545272  
-4.782902033385952  10.15309680826373  1.286792256724175  
6.088485924197894  -18.373854996568916  1.2351617644774775  
4.981166308584722  6.521109843780991  2.419218478981173  
-17.708749808868454  -18.747587837134358  0.024148956431576385  
13.92383301991805  9.2290474706998  1.296017293578524  
12.771161610398337  7.658994008718167  1.3856998337614415  
11.592046409676602  18.692182367696475  1.5534046894010252  
-18.77558341551055  -16.625052706136863  1.9198263906035742  
-2.679293637093817  8.959147656148353  1.8996933326050751  
-15.696409894713955  8.429510967050781  59.3224757173354  
6.997378073491305  15.683010227483003  2.496549233687552  
-11.601778301260337  0.6144468523950017  3.094717105828358  
6.304059162216809  -14.56731518333514  0.06903873665007831  
2.033077911904158  16.85232900502001  1.3547722360418948  
-18.782748998072286  -1.6240809757704255  2.0276685584279552  
-0.33465776128277724  12.70204957070812  2.232206200396792  
6.54757568394799  6.365123149678794  0.5106227336533422  
2.6619745892442204  7.03277217152284  0.17311615164151445  
3.3001986863702797  -1.5427306237955563  0.37939906253680405  
13.238505205873999  -11.102402036959255  0.04539232989874742  
-14.362702811738854  -4.100869704746692  24.142467471366363  
-12.859504107540523  -6.3618082235564355  0.8281293083476018  
8.223833792370701  8.60910247054992  0.8752196496399806  
0.8489331618693825  -14.74839839738098  0.0813376352389325  
-5.262120525306994  15.186850757417723  59.857410333817704  
19.090794810617474  -7.9494439155751895  1.0946415660537558  
-1.6732660994395374  -1.5179538028700463  21.08239820343286  
-1.5639594810558748  -7.351551461663291  0.8106646686816246  
14.7901039129423  -1.2465688840323317  1.791153163532191  
-7.237716815799056  19.300290681519094  2.243808334811604  
-0.7284262705076294  -3.5505369109326423  44.90833364484977  
16.36838234719343  -4.369131274580065  0.7401241794752897  
-12.760364895402944  6.6417979228025885  0.802451057280906  
-9.481790435201777  -4.2186397239989795  43.083416970697506  
-9.460488112961922  17.142848712644167  1.6985010052475848  
-10.804149367655516  -17.994349635853304  1.8022587784287012  
-10.702964989431138  12.338680236173474  1.6032415059540917  
9.853472157334373  7.747612496942512  0.6216814277143781  
-9.544174704192487  14.768484380867065  2.109472562775264  
-15.066877545613186  3.230595139529573  1.7001447439307238  
13.72901774900322  6.481887223653704  0.5307802460535044  
-0.05630007457919817  -9.409638065144188  0.8275890242570993  
