Customers 200 
Coordinate X		 Coordinate Y 		Demand 
-19.749951305725304  -10.77573368388598  1.5096966169508785  
17.61199792300009  0.6099657270971974  0.4913285569465839  
15.08358156845015  9.862204869499852  0.7672550718131257  
-19.351501010451603  -19.60649146564386  2.4395593576488044  
-5.8370814443076355  -19.32925686539155  2.2331021127875186  
16.267240114065984  -8.448048035884836  0.28769799775461874  
-15.723200516685152  -7.473732238824109  0.347195883859307  
-7.920883719052076  5.378642390906538  2.3021444640244946  
-13.114414155418013  -5.066069484606457  12.228999374992592  
-12.244189736882012  13.917674604825457  2.4267595559176285  
19.133116370101234  12.603770305344007  1.076361814696304  
-2.7999135465342206  -6.1980245251652235  0.11949346791860382  
-12.316746214787795  -0.12893196953589126  0.8810437267498611  
10.806423114114754  10.826246256824845  1.711993945049294  
-17.587597050821103  11.242192192231727  0.6164903694559137  
9.84321980244249  8.536023942316753  0.5285221925908721  
-13.010769942945316  16.347181431355622  1.7149046423089764  
14.987838339458229  -5.885902841241993  1.1255051401359704  
13.372837768052364  17.580316862270266  1.7465143476839433  
-18.954271317403073  -15.154452551888298  1.1380512910468297  
-2.739351706969355  18.709932456377338  64.16185201062747  
19.88488406144333  8.44264100387544  2.3447593348594706  
1.5172448345809215  2.738710682394668  0.2547889355571123  
3.6168770364685656  -19.48915622060643  0.6871467723361857  
4.615421326163304  7.295723278160104  0.12042169561827909  
10.055733058244947  12.4371919021332  18.351708488025007  
1.1206834131950743  -4.158547856701297  1.2395220571230892  
2.485879180129924  -7.017716547746634  59.463083529902974  
-8.749538350600234  -7.032947090690049  0.530495773202593  
-14.229570431720306  16.85712801048617  0.15752794245745522  
6.539281937482706  2.0691083954354994  0.06740777967270323  
10.831051124424718  3.5661072186606972  2.206492045629246  
8.641138988256763  -6.318884268599042  0.42132558867279873  
9.530662222594056  19.797309878001826  1.5732795917706173  
-11.699669357717237  -17.257034021701905  1.7404627918707802  
11.990210557429862  -11.358536463903741  0.32100827018757133  
1.5219979340785805  -16.910340269322344  5.590310063535909  
-11.629210040186905  -1.0792533487396092  2.1426483843543846  
9.973618908195114  -2.5594911115543013  2.421066308548179  
7.152329362443119  -2.0912999930532052  2.0252266538416523  
2.6487162663974715  11.170085068957434  0.8807442878893917  
11.940120625626449  -19.277490157981802  0.6206043379819968  
5.824017020483186  8.142144880345406  1.8652024522060104  
8.830429432776548  -0.33109687477873706  1.809155943773808  
-1.6586790482795806  -3.1121964466646332  1.3865069816041176  
-13.6335687700476  6.824901511668283  0.06767862688562082  
-0.7546759019351441  5.409188046656315  0.5139067317333026  
-19.88426182536694  -6.865306814877584  2.3778587158995563  
4.808650791882954  12.889836652949661  1.9927647658875691  
-16.099251958803364  17.303868229824857  0.03662448145450997  
-18.024653868218582  -3.4069175212282445  2.4929145508020176  
19.713085518649336  7.772262728567977  1.3547133499404054  
15.254066616039658  2.229673222456686  0.5352694302351702  
8.343367742142558  -8.953329358202025  1.8547807648796855  
-5.907759807245219  -3.924115409010298  22.68745898498041  
12.7575558511503  9.674666578288502  1.7053799201022002  
-2.237581148942226  -12.876631247201203  0.9087024018086359  
-3.7488627691565597  3.1407940418204063  22.206053261569846  
-15.207899329048274  -2.4580087066871315  0.7235995594943773  
7.4123880105809405  14.966364946618079  2.13246834360484  
3.9682542908972316  -10.2630956713182  0.680581371120848  
-6.074026708946732  19.29412051562923  1.085115288099786  
-6.052202621278395  -11.7188844970055  25.082660080147214  
17.248124243185117  -9.760987234556367  1.1909105193233551  
8.505285608811871  5.004784729159407  1.4883705772125777  
10.184645676030925  7.286339108567418  0.9060194043933012  
-5.550938951040848  -14.477481766450131  1.9606047123971582  
-10.596986219627347  0.01850149580064553  38.499707824093306  
19.237098876444122  5.479895042834389  0.96979369061332  
4.9097964856044385  -14.548383033006393  2.1282356550217867  
15.323824870565879  -5.199514361672271  0.8506942245902671  
-1.4753393930380625  -18.736748669047415  1.9203436277208272  
-1.730879154491376  -1.7853952291829458  2.476350244035265  
-6.617784791995241  -11.807488514555814  0.03709990490894377  
5.640809246211461  -9.648943924963497  0.11814344580327596  
6.4929252550642325  4.893751110745175  1.5909958668898507  
13.741826620555202  -6.326883264767918  37.084910066358255  
6.394368532399426  8.525138658731972  0.8964829504312111  
19.193363779486525  17.540002257620067  2.4608244751165405  
7.9240725769828835  4.353346245258649  6.901331457247111  
2.405208286413554  -13.32492221940254  1.303259390100175  
6.145174501313285  17.655588400261635  1.401076112943622  
19.964549504123276  -2.6779443195155537  0.9538146983864582  
-18.543824072059923  -8.799713133289861  2.4230505598142047  
2.9744839267173404  9.37042653214791  9.887864444238314  
17.91602308909883  1.58759010481727  1.224380291563154  
8.373481322839773  12.731386130074085  1.4728735288880948  
-13.184234460320932  17.7310126657716  23.64920057928857  
0.2670598485062037  -3.754503013434011  1.0120225884491505  
17.528058405640614  -5.23857065010815  2.4123977860308687  
8.30291426453062  17.403334793681545  1.02612289126869  
-12.334269676338238  -13.365306216187228  18.512297511332598  
0.12074988720769753  1.1603782331439838  1.028619662146125  
-5.419299826448171  10.724111861256588  1.8730275043257347  
14.908080414338258  -13.872614829740169  0.7439305733688193  
-19.765536134858213  7.679029251185241  1.346117626874488  
-4.906771751835661  -13.582490854272198  0.3091406304921815  
11.471419678047635  9.830784577536633  0.7111633873920766  
3.2067797948602177  7.431398307304153  2.276996948825407  
7.726270999390273  1.4272776395737488  0.5956747978820218  
0.942751945516008  3.8615399339277445  0.4690323327359666  
-1.803234280853264  3.9773956343764425  1.6594954735606513  
17.450714171633194  18.197086435782758  1.3526444185307835  
0.5130138104254982  9.986556585271043  1.5881083902596171  
-16.109881434233174  -11.98957193093522  1.7409597959413903  
-17.06536032786836  -1.6353855721562915  0.8550148133826951  
1.2780795781246397  0.3067443746263443  61.16992979134013  
-17.892985960429808  -5.212621301154927  0.7395155293907654  
18.661876939406795  -18.782200122709142  1.4871504043282475  
18.40781995429073  -9.707004634205457  0.21122080064018528  
-11.352600619184647  19.321227081870298  1.869242829652494  
-19.08479852697645  -18.605556171245553  1.41761931076199  
17.314799959308125  10.866548295584032  15.467472300316732  
-15.971259035663001  4.989395141966288  1.6360320184929438  
-4.447385128303205  5.189179610937472  2.369400090896944  
-12.22548126073904  11.348683208563756  0.17628109401362058  
8.841582889039678  -1.4063138378719842  0.8055316148076632  
3.825512487412009  -11.535360341503932  50.84948646773236  
-7.480576446583335  14.987511425434548  0.7505522419594074  
19.268565528937515  1.0405444608995431  47.32075932552325  
-10.442178896696896  1.546454743052891  1.3259325734345893  
-19.850799274676227  17.40243672256316  1.5226273143856268  
17.882866607188973  -2.306869728353817  2.004586855779174  
-13.174496007009267  7.614538021749368  1.2834115140107116  
4.270210338054852  5.669671700306154  2.4741281230597427  
-16.837649015537238  6.079544947967996  0.07338537240976134  
11.846165245445313  0.9859174293105539  51.23244931170029  
-8.402792860474104  1.90502561359434  0.8707489269045254  
-1.773980183761033  11.02433906425647  1.107433024459945  
-3.8912363556983642  10.31718962292791  2.226440050776199  
-8.679189580424298  0.08295596358181712  0.44569388419625405  
-14.880342319935584  8.403262390280961  0.28032850827139716  
19.84379801599532  -10.86250756443286  1.9840562585359556  
-3.635480467823168  -11.536271773701415  0.2300769611393605  
-14.45209918363583  8.604012872249285  0.612719762914618  
15.754602987596705  -7.744314696948438  1.9889973684955775  
-5.774661798543175  12.383308999709406  2.0078672916966886  
-7.72974618971762  -0.5914358978948613  0.3942310821086434  
-7.49927115490404  11.468262313214595  2.164567121022591  
0.912450371208493  -6.706541881453729  0.9515803897268349  
7.448892689276192  15.395456770745362  1.0063656840855975  
-4.255315962682872  17.62731753110272  0.22831964090315182  
16.068619681731022  19.82226868769007  0.7453993069654483  
5.056420250650945  7.093260273777826  0.6303145461256296  
1.6436331686733077  8.5107020517044  0.29185312795310836  
-9.320614449748753  -14.741762787957091  66.02916963702418  
4.022020091888393  -12.000788004252016  6.078771053712219  
3.4879462039951967  -6.93067417343304  41.66864109991627  
-19.154636070462693  3.243759912368489  0.2558093504118658  
-2.88518732390407  1.2098685439232604  1.938296326952698  
-13.241165649567503  12.509367683172968  1.7114719939627325  
-8.086673641280274  -10.403259451934609  0.743771842354952  
-12.366512895486217  -10.206600692627653  22.057536430342957  
11.197579184721356  -12.70003172159296  2.4107666558294256  
-3.1679846957116844  -6.9381628946843765  2.298224589159136  
-18.208380728303645  -3.8340257904218262  1.9947808722919915  
-9.450786333410708  -13.420204615962374  0.47961267753019704  
0.9189809953990746  11.42567239694742  0.6919228236544311  
-10.741602832559568  15.617521753413136  47.067509119676096  
-18.53619871460126  2.5686823363561793  33.895545920368306  
-17.704974751431905  -18.18686535761749  1.7325334121021865  
17.634771567881792  7.764909762035476  0.7056913200099604  
-17.39121177246744  -2.526645345577883  1.1294882809167146  
-16.936837587455017  -14.885264592915881  0.019758843475834176  
-11.284609341257074  -12.906532715134489  1.5712432670804724  
3.3661884879042994  -5.99092981475447  0.41224232376181974  
0.8793064767438352  14.377779109597085  1.2859614398037569  
15.206954756265986  9.880520500570928  0.44335030014751226  
8.558725469854139  -16.958189369834805  0.8608555402470935  
-6.117771435103393  5.626920057543579  0.6157438937901241  
-3.8560308061989232  9.677476261930899  1.361516121477382  
1.469300320333673  -17.011525439539177  1.8464193706978156  
-15.97939488784995  16.962503292972812  2.309180474940836  
17.56317173993252  7.159767031975093  1.8678199542536642  
11.98852664236076  -14.50465761347333  0.18976970025710582  
4.635331685382095  -12.0821200256429  1.7945060741435364  
-17.93177001956767  -7.463191360318406  1.2935234078676845  
-9.954641725738096  0.5478776330339308  0.7167109009214492  
7.725556277037867  15.93971977820312  0.8090590574404046  
-3.2633977920219124  -10.153096308104402  1.8071108187269622  
6.54613570055232  11.54776722194952  0.7206847696373225  
-15.35278704006088  -9.511857869728768  1.5521373687385198  
3.390793913247041  -17.655124426107825  2.1827930053032816  
14.867729681731227  7.025889120487708  1.844160073733415  
-18.93684101382891  7.63630265848392  1.1701642290792214  
18.576522014988697  -13.177008853507392  10.25172985667553  
5.520728384922911  10.542727019712572  1.8280074858362356  
2.7842981963708127  9.181895136291725  2.263175006965324  
2.660646866831115  12.088571726328006  0.07056732358412726  
14.91895640462068  -16.039438681665416  1.1879870511491228  
13.711433166052686  -9.834178174606931  0.6021239353711055  
-1.7179898518372774  2.9544908530860035  54.82514255809848  
6.261922698384545  -8.345428523352169  1.1592156371786901  
0.4078496351225951  17.326113287475806  0.4188723870010813  
7.958658499855677  -4.0184314603496  0.8979109827368679  
6.357084527364293  4.362792737998895  1.70309202304151  
19.90299792891887  -1.6020106320716465  0.47495965089000586  
-1.0247798143382596  -3.1553066201905153  0.35686715029068367  
16.77916824037895  -8.742288715919262  1.9966490152830874  
18.147910125390716  -1.6962419188131221  19.041896216621183  
