Customers 200 
Coordinate X		 Coordinate Y 		Demand 
-16.829599240911513  -17.923051744333996  0.11411809782952614  
-11.254320721329387  -15.890456910021303  2.130221573708549  
-2.120528227204691  -14.292375696857068  0.3271916339381592  
13.603042210749408  -13.409567856384701  0.11466474203610383  
8.056957725599556  10.494005377597269  1.7029172853935906  
18.52569704943206  -15.082916298121397  0.6971273874489359  
14.267591670945976  -9.588576675438599  0.7118459201540839  
-14.950482774535176  -6.968978802464228  0.2640530752622691  
-11.415181512239405  13.906324635011963  0.9517130722688747  
11.612022059915837  11.51103805336843  0.0013999770850026128  
8.140944972113356  -4.959276717470647  0.17335065134538585  
18.43187116978241  11.423949822231588  1.2452143335057624  
3.562540053852004  13.838302045088994  2.356800236882035  
-7.023263890820726  -13.794877919321067  25.746925733618074  
16.197344612086056  -14.011566275081378  1.2536432001878177  
-5.0741974639951835  16.72503811351403  1.0644121949188021  
-11.961075117585924  12.064357470034153  2.436563837245655  
-10.466849021424117  -15.301851478080168  0.48475749347278635  
-1.7446588512745507  6.411768795889934  1.522160550349727  
-11.701733190080862  19.590262322177878  0.3698700426277646  
-9.77193518159992  15.864064769243512  51.18014681281933  
-14.150074581953046  14.180714813095328  31.734635767771078  
3.007397394320492  8.440503846740363  0.5900761235967509  
-8.050285793234849  -6.064424942593343  39.23351636893121  
11.090647390308224  2.183523916481441  0.15125158393174187  
-12.4785777838439  15.348141666313367  2.1012709999508457  
6.429309464678838  14.291472968684005  0.3374266016530639  
3.6125724083296262  -1.5970350034992329  0.46927838601547395  
6.571497348179129  0.7029932614896985  1.7617221651454453  
12.194319957004602  -11.680335583648684  0.7177429672709429  
2.8458828876279583  6.289324434889583  2.1031296555153025  
7.705986520118881  -8.267226315701258  0.198872139292412  
-7.506618245334993  -4.189239223621213  2.190497682814603  
-11.749525006320694  -17.536126738723983  1.0552612649888327  
8.652855128252565  5.793521236776424  2.0878923028223855  
-4.653194182203206  2.042259587525187  0.31350886578669884  
-7.892946702803307  -12.51672336145667  0.47234569878027405  
-18.853963083511577  10.130399714909299  2.025103377595367  
-1.3049304027367015  1.0315923770100142  1.2200099119076957  
2.016814004632735  -9.989585529539742  0.683097370857543  
6.29755119275783  -8.92847460559381  1.7417304256963648  
7.406799932615144  -15.712142682234024  22.623814162063397  
-4.699098559480204  -16.16136359068674  0.7340556476426443  
-17.11377526434515  -14.030978338882193  0.4019953937489276  
-13.553248361360586  -4.0063423284527655  1.1366978198489652  
16.279825025906156  -19.931967267837628  0.21322745844432806  
9.97292646703471  -4.696926649208436  2.2124608247329096  
-14.206590672069247  0.8999785596740253  1.641624843741743  
-10.047833680941602  -16.666138528339168  0.29065095744223585  
19.041295047845686  0.21632275114708932  2.036823495934103  
17.73485199092177  0.31864347665556636  0.8399856283002599  
1.8808873533677684  11.338855076940234  2.0284777248977894  
18.401988073570756  -17.652505199962633  0.16201623451793684  
-14.039373716450253  -15.55157532816545  1.2718832850724804  
-15.865316340732655  11.042664024200853  0.621080555652534  
-6.112434489105315  -1.8152884532853584  1.7975128052750013  
-1.593607034001007  -14.127542720172999  1.4518000738589254  
10.92083261847867  2.7132779469787636  37.03105348602225  
4.904154789992631  -0.739472585232658  10.625629312095567  
2.0972167313980385  19.416162104921412  1.970942751217129  
5.0850889191075765  -15.353176897172482  1.3590363437675856  
3.6951336631944507  12.362249068160324  0.6014775433465744  
18.274395867964344  17.65645500076981  1.304637621028629  
-12.056776344705998  16.71368681379257  2.312412192379151  
-11.788888190903881  -19.467287630992107  13.612059164377756  
9.879820247207924  -0.7754251202290163  2.1361619596125907  
-10.052137621229114  -10.009501112780992  1.2511743440812593  
-4.730440637377441  15.988200577719837  0.3065659910568244  
-18.9891223374163  -1.3535792176762662  0.7100575895792571  
18.48335969854564  2.589050316704295  2.2342471425235138  
-9.273494815067004  -9.818207278196972  2.11438765953416  
9.248029495545037  -18.184135752361733  2.414008479504874  
11.620479333178615  -1.6052033240347896  1.5715427748235071  
-2.8282379313146713  4.091968016332977  2.117783217275378  
-13.203804336499015  -9.70194407612273  1.4587733645169738  
12.95175282545685  -14.220850463152367  1.3516530505709232  
17.198236896353542  -16.58213373889285  1.7620100339528584  
15.170192699721824  -19.48869049325029  1.1804508000887353  
2.6674017307368025  17.4513421136431  0.6933895385244049  
-18.415099171682222  -11.285843741844745  19.489723167533427  
-19.306505687954555  10.437713953695521  45.16704084580812  
-6.17917393263105  -19.532818287216294  19.523362160354175  
-3.2278921006533494  19.600045748606654  42.57164898123975  
-5.631316546798711  16.86417204757398  8.436419794957711  
-9.728329598392662  -2.986394439681966  1.644520462949959  
-15.203034364275378  5.028506826420035  1.3995600398613663  
-10.283009604876483  -19.742850616052348  1.9008220285151298  
4.0835861504575846  -8.060510226240272  1.7578531334929934  
1.3955566885312578  -11.796633457888902  1.0305977465006029  
-4.0266003765462255  -7.7740341603549545  2.163139622975516  
-14.80715713734876  -17.895270263785143  0.09738087261271677  
4.26785309309566  -4.916527201577843  0.045739282999502084  
1.562865381197959  -17.86898911364524  0.21297920785527447  
-15.046985562915625  5.4711823286726755  1.8964509444706688  
-16.459752406324732  -0.4852956290685171  0.8612999654333531  
14.072228810336512  -15.255132806361154  1.6826164597953928  
-2.299968031998386  14.460614327267905  0.8700313272869803  
0.24965653269657295  5.882165265014855  0.0419247463336464  
-12.028498483139899  -0.024158038101159462  2.1961981867764866  
-19.229060542125627  -11.543632229392884  2.2324723102371506  
6.212256629618732  1.776445923095288  2.316606230593314  
10.1272424079818  -11.48500136555624  27.196001316904784  
-16.551211693740107  14.427004233713234  1.639190831963263  
19.92893071216981  -11.480569530747132  0.6889893974904873  
-14.310187815418907  3.8693398100696825  0.47628596992368627  
-0.904880593119195  -17.498221242084373  1.1566310375926814  
-11.781396536963609  -3.5033449477401923  0.7458291810803336  
13.225356626333316  1.5953403474164176  2.4590197048527838  
12.27058608362124  4.929326504758713  0.6915175537343841  
-7.9403193849438924  15.09480616899026  26.663019661883464  
-1.99757329201708  10.648610735162741  1.5379309756763349  
-16.066688002981074  12.202522354616683  2.1214500698112677  
-2.3411182152353582  -6.355490848341523  0.6216382602101866  
-13.867779564846213  19.617022809026295  1.0230456175759213  
2.843647943342141  9.234041416958327  1.164300927467826  
-9.944178346627188  -19.879892294607657  2.211458194934356  
9.80046788626277  2.206186206149944  1.9787918115725223  
10.093052001503477  -12.681297413220737  1.3036603817956796  
16.610738737290546  18.449721382828287  1.0243423580153144  
-4.881924954868776  -18.302250406267714  1.7801591797167982  
16.213876507483135  4.220235155956193  64.11546723497031  
11.51186408251483  -16.85960857189945  2.0859048409003664  
19.156678569809586  -6.797464178526118  44.539448260865356  
16.615914772541217  -14.92831622175304  0.979642964534114  
-10.022049976313244  11.524733737265805  25.22946053143228  
-8.475664349812938  5.382095921667553  2.2352264582670713  
-8.865374590869347  0.880225817714301  1.7779484557746572  
12.120569819384215  -0.7129537429671409  0.4234018112630922  
-1.6243546065871861  -10.086159598782324  1.4411619676309517  
7.264992917547183  -10.721277353092331  0.12758584821881108  
-18.530156566247484  -5.971603083216825  1.3162843535373985  
3.0396427278224003  17.32643760141721  43.69030559576398  
14.194077303007617  13.767920023655847  2.362954943955023  
-18.043675360752243  14.48176848213923  1.2667201940722708  
-12.512126107060336  -8.066231687464871  0.36529121497548056  
16.034348628905335  13.044734842652673  1.8950283462175486  
-10.319180500192804  -0.4100800754509848  0.974005859377348  
-17.34585654362796  16.447258018627608  1.3017980160164448  
-12.30103986743912  11.113672494328696  2.132708765590049  
-17.907000725797385  12.010158958188974  30.172778801887237  
13.156452691067962  -1.5520023128090124  2.1794113731475613  
-14.350807012576748  -18.270062680723708  0.6954638545854069  
-12.761279472219664  4.711812207119728  0.03924704547825897  
13.260738327050362  16.251588718801543  1.876896395814987  
8.283364671086598  -12.675598924794812  2.0494250589981924  
-10.474984731364039  7.1837070346292755  2.2922742294561744  
15.965074985042435  -9.199741666511967  0.5824322777625526  
-2.974469404379498  2.912122386693415  2.3226734824399897  
-4.009200601746219  19.370587232354673  0.25849875291165253  
15.872056191867777  3.0683184200194447  0.537523811863927  
19.2114145825376  -10.412296103218397  19.879596653000124  
8.36039596909286  16.80889531119724  61.87736845918764  
19.05615353192554  -6.931391714729065  0.11221399808925808  
17.658030695766755  -19.937692482064733  1.0964623508016778  
-18.803969855620117  -10.466035649387887  0.6262389768496959  
-0.5781044924892456  16.89914358731113  1.275913897007328  
-10.657472716353542  -19.701266155197523  2.4121046115771207  
-4.745467488970071  -19.817811334745166  2.123902259872134  
-18.912219623013268  2.3707310092357794  1.7610750783938964  
-13.095128228517403  16.652518843463177  33.37591977838925  
-2.307478463902328  13.313327989353198  1.9083697206231012  
-19.880103493619686  -8.392110258023067  0.9342166971536897  
1.7280213233564687  -12.971426255482296  2.01891357231966  
-2.946570019315562  18.329650284202607  2.1488026757611083  
-13.521710127556856  -9.383024336184121  0.09047725013837493  
-13.861691431132797  -12.585552659134148  2.3217284919831207  
-8.99122283231275  -17.529810924822243  1.1902209347193953  
-11.671823011512776  1.1669626304911986  1.0738985486887431  
4.807832701075526  1.7528635604956087  0.5656584386836108  
-11.384831915115111  -11.790060493731861  2.2814893039820934  
-4.092835986756587  -10.570092344590428  1.7960578891842967  
11.729707641895896  -16.532262261357292  0.9426354042854204  
-13.61244894086802  10.995403263070838  0.7752925075365349  
-9.071301448438746  8.679680778028846  0.880450150541018  
-10.82393485664701  -18.940558804683384  53.38458534862559  
-11.221660579129903  18.599430924769564  0.010896271341429287  
-9.958958680683342  -0.05089172350202986  36.53857290691328  
-1.1621898071817753  -11.963342215188039  0.5290214959944597  
8.691053295188066  -17.52011241137157  1.385907109412305  
7.150102211560501  -15.102765455843649  1.9920758140285262  
2.8841454031679703  -10.946278335396148  1.4977199392083398  
2.4462107058021303  4.378222374148809  0.9030249700242157  
-10.546434391230743  -0.760018567301529  2.0661871923611286  
-6.031029601537735  -10.526107896184612  29.301991207051067  
6.156252030422166  -2.004403618471148  0.24194468910640893  
-14.177236756385625  -7.050972919970096  1.766035057535883  
-11.74967262310766  14.680596199271179  1.8461462834259628  
-13.244646929283647  5.935763802294215  0.15509733687325306  
3.707842149939168  5.025314885975398  0.48148926571859957  
-15.721896146705522  -11.689782468821658  2.4421117844637434  
-19.030974509953236  -3.794502242004903  0.21883192716988908  
-17.969173452672006  6.005140814525859  2.121308951730218  
-6.855711613043006  5.18157515837537  1.4004183143376403  
9.297499593592526  -9.58512922685462  1.6889239338426814  
12.57023127830277  10.45834359024078  60.81403958976599  
-18.42087617555988  5.048808023698761  1.12792470627352  
19.625905228419313  -12.578692343787292  52.567071892572095  
-18.870042832702737  -5.410315429376983  1.7212624382445538  
-0.28442218343800363  -12.594064856195896  50.660104727681684  
16.36337051384905  1.5128608625874982  1.9221585275295014  
