Customers 200 
Coordinate X		 Coordinate Y 		Demand 
-16.843932324464312  9.204050990934075  0.4369184944895904  
7.979379146884739  11.77334952832944  1.6804600967824599  
8.76145454721662  -14.95910178273312  0.013400528990203386  
-2.8040966999547265  -16.090288869748743  0.6751550105651858  
16.921281316391294  15.550087330097384  0.3374212389346795  
11.20172866751193  -4.203726599010711  1.0969584296468424  
2.537575659238943  -1.0874001684133425  2.1640439674816916  
15.955183955399853  12.527205398965691  2.387552860659074  
-4.1106373751122405  16.757994130342382  1.3108278100366961  
-4.0142655417823025  -4.967947756104802  1.0838557498682744  
1.8145257506662276  13.826308416403677  1.2667397019970648  
-1.5987145736042443  19.5337807882646  0.8470512584301557  
-2.355885830323089  12.886315911552785  1.6593732149049987  
15.101053451725129  14.841299102994476  2.3391876735926105  
-8.70466809849284  12.566366618232266  1.9652399905798068  
-10.399756373855702  -9.86730082574821  0.1446041735273268  
-9.070522147588758  5.7540897744694455  0.4728992678266286  
4.872806141108079  -4.114534199117198  56.4315052295428  
-12.418928774337923  6.2211848795991  1.6336911518964026  
-1.3815003478374344  -9.390079539055694  1.6895911577515883  
-17.835578966359332  -18.870433740533752  0.5598391744264253  
2.360526433287479  -3.957877426799783  0.9500782245748187  
18.263887227360172  -2.9249041095659862  1.5546882224446859  
-9.220018155186015  13.452508544967309  2.1285952692946566  
-7.885918295820247  17.325179285645007  20.44287568062335  
-2.3066302715657017  -16.27350747770683  2.370001050408493  
-18.823738820246426  -2.093557824462696  0.5289706492717192  
5.07943489578464  3.8732922465265105  1.508320751918562  
2.7171616750861673  -19.80123274358814  0.8630413095198258  
1.5615646221411303  -17.380765370345163  2.325422929091194  
3.796525114623414  7.691924534283338  2.1667579937463666  
16.751999284850797  7.7417713718918755  13.835478890774672  
14.069566892180731  -15.438954966488026  1.9609557501130244  
-12.135879550685313  -12.199520798554303  1.5976809721654528  
2.8106340065679802  3.717199113608306  2.110727006117526  
4.999043131100194  -19.07872523807328  2.4638524061988516  
-8.43569588617111  1.989319924988422  0.8540419331779467  
11.512783219208508  -6.709892895579163  1.2342692446247052  
-16.169820431697225  10.09372222021236  1.4406285993683432  
5.870240200119454  0.012368836546066575  0.5179053270687441  
3.187618156752876  -4.952530729564625  2.3908789609492276  
1.3922396435727045  -9.005714988783847  0.1599987039886705  
-18.733341527928886  -17.318156233954028  2.750104422873196  
10.30190151772807  14.502518125220405  1.0039937266854708  
6.971387293244664  -2.087843920288993  1.9139974972649842  
8.476569555943946  1.058250396505798  1.157298393749061  
18.361993507049178  10.420157989753783  0.9617930671783468  
7.311555523864367  0.32198914085131847  1.9581217147000238  
-11.398231842893729  3.4053020966196215  2.087348461736555  
9.101954768702782  -6.374658782364019  1.4656569039837006  
-12.624703950160328  13.061094466752436  0.18245401780418918  
-7.6512247234928665  14.806012796203476  1.4208764513035457  
-10.815915504123822  -3.567193931389191  0.28041261972938075  
3.3956333410389448  2.0022819026409593  1.7502042295242048  
-10.07411316462199  -4.687234200780534  1.9285624204000904  
0.8022643285387403  13.06319016370849  2.309330518493162  
3.163968412015276  -6.170482942737966  0.2589505279879323  
-11.138896271826994  7.230713426688947  2.189435161890769  
-2.507438382794188  -2.6129378487729618  1.8919223772317826  
-13.336819286052677  5.750150221314165  0.033085201118793484  
6.404760947586606  -9.389544661035885  1.9323936368421064  
-10.880420294095865  14.06498208009598  1.932072072952138  
12.069112147924663  1.9539988875081313  1.4435691297343747  
6.3447196069703935  18.252461074495244  1.6044539140264433  
14.421144296268956  -7.371719402213767  0.4078752637699265  
-2.19230363149293  18.35616636430524  0.6730692323526868  
-13.023910931215056  17.50231224946041  1.809870952626833  
7.657944223367139  -8.728215180340655  2.492786687994069  
-9.230956508346173  -4.3629851388987895  0.6009029470591296  
17.631464517769373  5.842363771527204  1.0987575224930615  
7.82882309968716  -1.8936984217283594  1.9302713571043828  
3.943865857888973  2.8192870758071855  2.4729352487987675  
-14.408239085030798  10.762010343204615  1.1526707080779626  
14.576476721424378  2.345222248856217  0.9511295696908382  
-6.338308881449372  19.598929112025964  1.2466721060230201  
13.361770971785909  -8.384705074040365  1.7178584100184904  
4.322377298854395  -3.6238255841201585  1.4040125818861517  
7.274360570631515  -4.627272626277259  0.9612656454237772  
18.208633984583656  12.151163349699473  1.1744567244264599  
-16.666194834884994  1.8952077386997246  0.8853683942411911  
-13.457613853391809  -3.617562301182339  0.175996428984119  
-8.474514008961869  -12.871771150596029  2.401900393535027  
-8.660076576753735  -10.74242239504919  1.5051546358006793  
0.14580062280587214  9.62164984297052  40.464259613874965  
-5.00340773669774  -15.097526683482648  0.10715834485011039  
-0.022082035250676313  -1.074270731618931  0.5091296942215717  
0.6551818472073201  -6.871810853431096  0.490746203452829  
3.7043574652961233  -9.897116168408179  0.023126101213315764  
-5.235749145074763  -2.6283282079823493  1.2973777231446026  
-3.0373749059813626  7.011415772033494  0.023258689260752807  
13.232647066669003  16.486563661505294  2.359607801571293  
-12.549825466611706  7.01746691012556  0.4319499128628193  
2.5864629907882417  8.040356974319653  0.5083934009903651  
-11.515070596478395  -10.208557942749081  1.5987900185258446  
-2.4653094682677867  0.7741537480526759  1.0140981639391453  
-16.572373670927114  -17.154842258329555  2.2729894823999923  
-13.650185981853147  13.881261774964713  2.1709594520914135  
7.372217348768203  -13.534037779920984  0.33355288246357667  
5.469588808779516  10.760899751375806  1.1597849113403682  
12.51059713917676  10.704077065841382  60.780300421632624  
14.726271320316819  -15.096756253788604  2.4486426952269738  
-6.42210972504115  -12.93058505371718  0.1669729119071542  
-5.390466312262143  5.562071781745974  0.6163120585962436  
19.784558334745327  -12.405884762600547  1.8467764981928698  
-3.0306773571796484  -19.128740723725524  0.10825981333143275  
-10.358428686392358  -6.082943441288329  0.3974820070344595  
10.564907444287812  -13.938633077429511  0.059907625788698515  
15.084898084878567  -10.953410633258525  0.6284945158100699  
-7.133628621159595  14.432582990581075  0.446956262455106  
-8.694439329694074  -5.542257972603961  17.40962591643299  
-10.485205055186828  18.740255369729553  1.447532527137048  
-1.308495024863106  5.1801509563188795  16.28044438388655  
-7.152622808922873  0.6492798096243924  1.0259243815290577  
-6.71245920625784  -14.467039203089676  2.4769743610076786  
0.8937537537397802  -4.086424199756337  38.46394062636426  
12.179594503657654  18.16294731124127  0.7474818594796664  
-11.750249983366409  12.936922808880908  0.4607635527810619  
10.209530531908545  -10.957881807718227  0.5425155259799574  
-9.76516937964217  -7.628620327751637  0.6027531743605774  
14.426789481841546  1.0810268892983785  1.5313521077112757  
-8.260509399603396  -14.590433880488911  42.28417430969763  
12.683090957703314  -0.9859295499275156  1.8070666187568092  
2.168831795708247  -1.5729704773288056  1.0482402168951612  
2.776452849492749  18.21299902121315  0.6682504172177164  
-12.111412608320968  1.6309666113557668  2.2711272817837784  
-1.4492204143266605  0.08490592405397379  1.7951683478562253  
-16.420164443372542  9.371542023890783  1.4133205810665952  
-0.6427357382606118  6.71093876240613  1.517621908927356  
-6.091346587153716  -10.22794832398073  1.5560884061848754  
19.283857450245257  -2.6180206799916306  2.4967826544807052  
-13.083034883632841  11.334186230191051  0.2782691670775331  
2.559053858779329  19.687550883362547  1.2682628466946768  
10.540824855622315  4.174641752712745  2.49299714107795  
-18.463757809088847  -2.185804318599132  1.2186876254039452  
-6.337598045766919  3.549327775290468  0.36343810076606864  
3.6648774232205064  -9.29042637290733  0.6930355417444783  
3.101896073101152  -6.678579257676427  0.30730087141928264  
3.8547134028563406  2.7685414437143443  1.555012412255612  
17.9556559555201  -2.970477104751641  8.392109771260486  
8.639352892571658  -0.3025607789909266  1.6477239433796371  
12.686722259902375  -5.787842412033747  0.7104638907194022  
-11.454632429179679  -7.787130588019657  0.22691344242935257  
-9.625918069069153  9.644869727328825  58.34975109762349  
5.073232298863179  -19.768819883638336  30.37757842981045  
17.52685018338184  13.146173955620064  4.774454080166458  
-11.303674731600108  0.20493199906511705  1.0413907854005005  
1.86964877396548  -2.3914030827337385  2.3747226370989285  
14.284241619929283  8.262586617671598  0.18670938253557617  
4.505423159497333  12.911069041712707  34.90974486799235  
-9.643317423832617  -18.19233638121951  2.219245363632182  
7.861954401748523  -16.63108572913992  0.2574446080289783  
8.574152481541613  -7.766379031441053  0.3048514645367706  
-9.171687708409891  -13.622313095488039  0.9282103361855119  
9.871721321741976  11.41071372393553  0.8421767286730506  
12.487495121966248  -0.0928927295180344  2.017880613239331  
-6.357884785306794  -15.398933265684743  1.2272948058039739  
15.851517185449737  16.501340326416923  0.5007794984760239  
6.3743581742580915  -7.5417698086940455  0.6690213838201984  
-6.994817428619587  -8.558118881063042  0.9325596217896415  
-3.8457595469655494  14.767444773659427  35.307305372298536  
3.064803656130927  -17.27072220389629  0.7817398171281703  
-10.567147439213077  18.58289394759082  56.763656637893284  
-15.641888495826116  10.53995878102662  2.3519715976432796  
16.469428972437584  -16.581833704622202  2.380684656332323  
-7.768399221735951  13.814406425524261  0.05480005752657752  
-18.145235834008947  6.146199769961719  0.3368966629195322  
-16.1084224639416  11.632925572233844  2.4176846458162258  
6.5214470904808834  -1.7350564365490975  2.024791551855431  
1.685137908349862  -12.964736052775883  37.53060355786881  
17.647153160478098  18.184992499924533  1.0953998060080574  
16.227344546121323  -19.05967523512251  1.7111030822767859  
12.857263421083317  11.195447223807538  66.93473676028171  
-19.219157757359145  13.822235917677268  0.21226867451077325  
-4.866960450869339  19.764245259448444  1.6092224938156625  
18.294163226527445  -17.20099608628624  0.0838658129232206  
-15.168375367452104  16.829214723054598  1.7681164263373852  
-7.495021864853889  11.79002915349723  1.9709335558636363  
5.224105248135302  4.736099636918482  1.6863843539490557  
4.514535117634626  -17.601291377271192  39.70100659945791  
-12.042111611569615  -7.520189882794167  0.03411275601690272  
6.2395421828511815  -16.823607838195343  1.806789699213656  
-5.1503488903373515  -6.0948574890627185  0.4614255030250411  
12.147736135614736  -15.07606820025044  2.0790294515116416  
2.415099464141864  -0.47677337226395977  2.0239396365098763  
0.6834024552473608  19.687084054867356  1.8201200223580385  
-14.458199748474776  4.599942459764552  10.245488409032271  
6.7890778368846725  -8.897994416125727  1.772437601564971  
6.711323046376609  -13.827445107251041  5.548736605224309  
-3.0703035286918734  13.747098207500542  1.0776319960197926  
-12.823044857606467  11.650832345349045  1.5463860411160777  
8.025429963181956  -10.842549451139405  18.730535727872528  
6.503224784552543  -8.341120339644107  1.2249940586471688  
1.6994667642640628  16.158129034321597  2.478989087728333  
-13.126499008010146  -0.22605566955928325  53.73925300145948  
15.24698489577559  3.1725675793333785  1.1363877110810097  
-11.428100915619716  11.818447541586004  40.88571015717239  
0.7315605582430464  -19.837702317909866  0.1799826917292946  
-6.954237699206146  7.36148809006319  1.907817551018828  
-6.384724358282362  17.85428761899648  1.4064344349647937  
19.954951306002116  -13.913932026121074  2.3145964068359763  
