Customers 200 
Coordinate X		 Coordinate Y 		Demand 
-11.402101951739617  -12.636966591921476  2.226274362137375  
-10.709429305749307  3.2006928144404476  0.6781447903506408  
2.0807696420459543  -13.964232653140616  2.1924813936053402  
11.859977408437981  8.139207299365602  9.024270555502723  
1.467160558112301  -2.5284891606984115  46.691962302469264  
-7.652960946766506  7.596803721208911  1.5663064635459167  
-10.78168028621877  4.14586190057646  0.8873687778164205  
12.942256415792055  -14.839452023013461  0.49682177028362196  
14.639335990627849  7.681400261516  0.1921931854682271  
-11.103203974816367  1.4069478066095336  0.8926720944900888  
4.642108521432345  2.157576201372237  2.3236978541017366  
8.92748974917506  -6.781384311772252  1.4367201880903682  
11.477914018729582  1.4165707380028252  0.2647676410576241  
-13.599973995789286  -3.000750486395251  1.0965917469994637  
1.9317783092506176  -7.955183639405332  1.7374068760241548  
-0.467464448065396  11.216612014370366  1.7126257520951191  
-0.029186247244364694  -8.7901382096568  1.5624942358180827  
6.361739651603109  11.203206115010438  1.8701569585725717  
-7.661264255477306  6.0322742010300345  1.363440757948481  
-2.2861286351595496  6.644323383644206  1.8315212036466855  
4.088723779787912  -1.3277400737749794  1.7016402706016789  
8.922532641185501  9.683160744792193  2.4281744726504333  
8.546832456291877  -1.1893022443923087  2.356604245460612  
-11.464302242635416  -0.92731133984468  1.4383158905809506  
3.698125716337504  2.7042642825121916  2.0886708911638525  
9.754032220744048  3.303962588846769  1.6004056350214826  
-5.512266330456189  -4.505650347978397  2.3471795438686045  
-2.1572714543169376  13.14055758033615  0.03796810512851856  
-11.970992690642287  -9.050561969184798  0.012000452119696747  
14.259033601175911  11.488820717273843  1.996071361238879  
-3.7890261827305594  -9.679345946179087  2.381310919356609  
-14.262330837978375  -3.9663709154352347  2.414872890389276  
-12.30273826717656  9.49014934535914  0.7435089257153887  
-5.923681649746499  -2.4306656527031105  1.9906228426882828  
8.80870203613171  1.092028805208301  1.99615364646202  
-0.1366188363117633  14.455585860724732  2.4995152967474117  
10.28177598560325  -14.21450410182117  0.8998246033870116  
10.890167084461453  1.1277221120924104  1.7847777119093133  
4.395111063730845  -5.640092526588109  33.41048635872321  
3.4897362345538703  -3.9085894289266  1.932389740152698  
14.456203696758479  -0.14857571897054989  1.813371804881613  
-7.4554467286213395  2.3312313365469493  2.285821946567465  
6.140557807612662  -3.6490525111653938  0.465907635175124  
-6.59484277971006  -9.437110649645891  2.075184475066108  
-2.32456939158628  -1.3169737508982866  1.66318450763662  
-13.537970905041162  13.258737378225725  0.5611774189442242  
13.360368656980047  14.635425053533233  0.41325048761192584  
2.612844185705601  4.876308163087714  0.7192320202600779  
2.416722230880172  -11.080965191164228  5.525726094024391  
5.367297795774199  -8.780468978103855  0.6142349605602273  
2.658331101729395  -4.4621784881070585  1.71982647434233  
2.831692423224876  -1.6376689323100173  2.241224997306333  
-4.024438953893483  2.7484962334699574  1.724032268592572  
-9.684528631364895  9.064291468914565  0.7324532585811319  
-9.875119624008594  12.289591125213516  2.221887118665538  
-8.19810719874537  -7.891931789475511  66.85238360220882  
-1.1838265170251638  2.05963745233991  1.8402250575856527  
-3.974981241513637  7.488248274237542  1.1577230065862092  
-10.410038319839135  8.924121202560709  2.0276706435292184  
10.39522451072725  7.881331091199375  1.9177738864407772  
-3.523260711633281  5.830917861574456  1.2829854983340065  
13.515398519609818  14.326531113470576  0.8289971106370688  
1.9305910037093987  14.913878999947283  0.5359107682535719  
14.530031939673481  1.5470771107648105  1.4156781637688878  
10.02929558745761  5.764269803019253  1.0183970383950949  
-14.950617579861579  5.841706709402018  1.9471861497091023  
-9.566904897234089  5.549742035082531  1.5891113044418161  
6.890892157830628  -14.023963079194068  0.9205159946099134  
10.094319316467793  -14.83947653544271  18.196748855203353  
-3.6199369371582257  -4.99649909363462  1.1123198169172546  
7.210047396271012  -6.937477676991165  15.903557389946505  
-6.547037046997778  -1.5544644742151643  0.7258168863924824  
-10.589992973149371  -3.962975528029414  1.613527360958293  
1.3025533452928144  1.7607128214700438  23.01391164381649  
5.671882122829434  3.4866744743415126  1.7822653653903884  
-10.188969581850206  -12.46750470779158  29.678420335401597  
-1.0437669380625199  9.487433667024618  2.3947176956537404  
-6.489634087007552  10.305311908486207  2.3079617194892514  
14.05320173392741  14.266188773699003  1.092266285574042  
2.313230384713563  -5.50136952412894  1.2596709915057422  
12.633201975775993  4.283718235989433  0.23914508943119916  
10.756490263328192  -11.671273795471455  1.7802943868700993  
-5.0062276173855516  -12.397320703392749  0.5372307413309757  
-1.0005314874044728  14.16782544406248  0.23001984067557824  
-4.505213523017574  8.72032994176664  2.385126064062736  
-13.680851051578898  13.270315277533442  67.04114551218785  
6.174202813783701  14.54565074810671  0.6944276887985407  
5.344521378928906  0.2957053099201552  1.1493706453106223  
10.536548438916505  -9.299432446104205  2.0010678269562803  
2.7722442762493245  10.558031674325907  3.538213646162845  
-12.993685967874308  14.824958104659355  0.8346214742085434  
9.805825941708697  0.43138892064236956  2.4608321043342922  
-10.961543389258845  1.06512951141044  0.4334691065863555  
3.0604948394959983  -11.158727119067002  1.9309715153849372  
-3.621804499075475  -2.5745451874752483  1.0187057202511094  
-5.824037927850778  -14.728567083258675  0.9252796048926979  
-10.537716628508743  -14.837143852008417  1.964687001315424  
-6.120745503953275  7.215912395755293  53.38375405407455  
-13.546051457751236  -3.0961764923651547  2.3291029371191616  
13.739811391962142  -12.494037384494735  0.6442589560724796  
-0.09630896753006013  -2.3363458966561605  2.330469487703276  
6.3590234123856  9.441529808646784  1.475757912395137  
-2.4718819438758803  0.4475988682165237  1.4859295415838467  
12.236415437849196  -4.843011845952265  1.78015506964492  
-10.900989406301077  -4.386388809061394  2.2472529736315554  
9.054644687884622  -9.849181795286492  1.0700467137560374  
8.934809652961484  0.6763743300174383  1.0979268242679945  
-13.374484951701348  4.408911032844621  8.359026026262715  
10.986700660964868  4.732301498606994  2.1992263304801893  
-1.7608123224263341  -1.948813449292997  1.0085207234884828  
1.0114973401409308  9.185199593175028  1.7981572504447205  
6.658777007655829  6.931217706997607  1.958307951786531  
-12.176500736045393  13.952272004803067  2.2351600073718667  
10.502520919117341  -8.88145701758472  2.2521304627301655  
3.1175175159207704  -14.169836220171803  0.014466560022447505  
14.25571085319411  -13.306642680502277  0.8727715239835543  
-3.1447405887348943  3.2007207688213377  0.5250005813871281  
12.654571311237568  8.783270392439519  40.322297764604954  
-7.292751846915522  -1.2438346399413511  0.12471131281378  
-12.315727954609674  1.2718136347727231  35.76779371628827  
-4.457523347567445  -0.5766371048277001  1.9262316936991124  
13.93326932006438  -13.891609481439463  1.2340372986206285  
-9.54202123973891  0.16687443409740865  2.2467522329908007  
5.54615083085227  2.6493557498164577  1.3226970290658713  
-9.659500070198586  -4.149518633610391  0.309999788379568  
-4.482815092719216  4.959908262550417  2.1818226045710056  
6.452466874088  12.836871054024964  1.9132132595945346  
-14.433247614166193  12.5064852407763  1.2294194597704737  
4.034430414099081  -10.494833455934941  0.8970060136070954  
2.342849933230685  7.16935121509642  2.473745599405436  
2.416180858698766  -7.634012028322866  0.38100591194310085  
13.189860417227905  7.005062981192257  2.313236831302416  
6.628711229442658  1.9537445616286782  1.3531635215931084  
-7.773234976666847  4.688495669657772  1.7184208916259116  
5.009231024192758  10.175824508661385  1.8256193983469355  
14.976992491182092  6.064129713485055  24.0157028753355  
4.791401138737864  8.298391703147622  0.39502040936938154  
-2.7079026201918506  -8.263727356749676  0.061964117376804295  
-4.82700981832636  -7.751540511839165  33.15862785715167  
-8.188560733773288  -7.872090131625356  6.946500444544393  
4.8531355422313744  -0.5880623261298297  0.15494843082234672  
12.700067080022087  -6.062127543895354  1.3759343490724438  
8.5313953647123  -11.392656664524257  1.2992554539994012  
-13.093009910392473  3.426005561268994  0.3872621909865931  
14.360779930117126  12.414851727544686  1.0560970888186567  
-12.31398462055186  -0.5439711287828537  48.80960968616716  
11.84694792807533  -1.4596143359259823  0.9074757852787391  
13.621353226967209  -3.2742248223122203  1.0045998274192862  
7.185763495738723  -5.605575161958932  0.4471134985774952  
-6.099833581370413  -2.8855067008872233  2.1621241657676067  
-9.468611892644542  -3.4347761814814657  1.7328521129437369  
-11.925743356221696  4.576903476760908  32.42191874079883  
-12.812893456049668  -5.633870189636095  1.2466280036631847  
-13.946926383033087  -13.486303837907068  1.207880574159543  
-7.788931597097686  -5.863318908549381  1.4249120172803067  
11.570236714602544  2.0481544956225513  0.5441768929125366  
-14.570867916612865  8.477177883003044  1.8475050416839012  
9.86575231795057  5.13859698259046  2.252882269186834  
-8.652992763891953  2.09641394407738  0.797579868638125  
-2.173880445957778  7.956317312984567  0.3115939224623607  
5.953866743545973  3.452254610780315  1.0308600978868097  
2.3245047208097205  7.458721183975012  0.6443400467281429  
9.909634724470738  -1.1352546755634627  47.4808554331212  
10.003184464064994  -14.412665833429447  57.00114641530258  
-4.8918754653289795  13.281449556824668  1.6398419457122124  
9.24042659325826  1.0203824862216742  0.10014159361459968  
-0.8917794828480332  9.374685648060556  1.8730844353168838  
2.5440173208117898  7.909619194555141  1.8975414040445158  
-0.5747129149929862  -5.849629370538494  1.7631806027150876  
-4.886396411552182  4.531096484378253  1.902653042355755  
7.174995984486433  9.748139876418293  0.18842838005450085  
2.8140518892310027  12.279563107142593  0.04653977680389082  
-12.938238643560513  -7.387554924326989  2.1785009087217664  
10.301998730749602  -7.0638215192086085  0.6647864694069552  
-11.796041084979525  2.7143053869998433  1.6085217984844258  
-2.4522038401874564  -0.3607724119190294  0.566406853908197  
7.788132943432899  12.00341137796045  36.70152961912699  
10.495020565046481  -5.512469735042879  0.41833316934007714  
-12.95563458605467  8.770255494143974  0.029329200221617502  
-10.900249810573065  3.2062233911414246  1.7208783348671766  
-13.464998232261035  12.097993784463895  1.4183014707997896  
3.491784710028103  -5.195385276591065  62.093532620568226  
-4.751084962104651  -11.916291602909183  18.44514477375391  
-3.4999932709099557  -8.344218704223099  1.163691827737536  
5.493506203845463  -2.9912300223419166  2.3690469541231924  
-1.7159399016902412  -7.072382837943857  2.4070854233902135  
3.0766150845138647  8.137986696160294  0.21207878754856968  
-13.685455750097463  -8.204995924463  2.0513338529186234  
9.770538093857184  -3.672779070729085  1.5692912019254326  
11.443902809101463  14.362795352629377  1.6069861876212155  
-7.449660093476575  12.119165912434468  2.2445808788335113  
-11.689798138154693  -4.270688674337842  1.35305302332017  
1.5986403816644703  14.506972105638717  1.4826342492688618  
-4.184021836020584  6.1200145034370905  0.16021639528131543  
6.569072956842298  13.045403740799312  2.115700129510956  
-9.075651581111053  -2.4789297791827227  1.6081382646885647  
-11.899405257525792  -6.5107800114720185  0.876530824641226  
6.5145699681728395  -11.257529045770845  1.7972568775940987  
9.074838940822186  8.63846322387354  57.26801601152107  
-8.460767377110443  -5.659588020552759  64.86812542610926  
