Customers 200 
Coordinate X		 Coordinate Y 		Demand 
4.431234621949148  -9.146039270974322  1.7246026177843243  
-0.6067856108964857  9.751818701201401  0.6558661149577455  
-9.590318128678486  0.07420535164684061  0.21022653062543972  
2.588335396973436  5.280298180699246  1.4990869799773001  
-1.5659373576996476  -1.1359944219157434  63.97856352277631  
8.687377183599018  7.534019431750657  47.13024498498473  
-7.610520513607712  3.3557570002971264  1.6185359547287579  
3.315672716640927  7.5486714942246245  0.6727634871163148  
5.17275544578677  -9.70743337152593  0.687975210623496  
6.3349342237408095  0.6817155484738713  1.1878548830936373  
-3.6033069165238008  -1.124272894258823  1.0239315071605564  
1.4499743855573861  8.531272534855002  1.2789525230792655  
-7.253081374960033  1.758926834960695  0.5252717857620284  
4.288331762752053  -8.865446127273902  8.967796071942441  
-1.1180584223253653  -6.295195847467301  2.23014471310736  
9.343420726969505  -9.538545224030472  28.46491310769219  
-8.232947780068825  -8.580511968711356  11.23486457825988  
1.1718301146665269  -8.781058938524062  1.4277088471845711  
-3.6673205698739775  3.0807377687258644  0.35755278273395613  
0.23540026156600646  9.98185118281146  26.250118942504685  
5.347839442525551  -8.924686735175804  0.9481698537370478  
-1.221302280793866  8.665739766144121  0.6583186494533694  
-8.600704831949917  -3.5388028626210506  12.69421841792048  
7.132515076187694  -6.642613086151201  13.850725685180187  
3.867055625515764  -1.3297034461988932  43.33234162267343  
-4.165973638539729  4.518597615715887  1.6110843725157982  
8.786835567195258  8.967249752609227  2.1712513498555976  
3.954209508007793  9.578918066380343  0.1933351989461135  
-5.509894410226388  1.179957235948537  0.27854795064734816  
9.023176338052266  -6.067106026045675  1.2092293336935152  
-9.087646440461628  8.217470802000364  0.6201388955306522  
-1.055975024596803  -8.642506960879839  1.6944870114686155  
-4.539815486363588  -2.1091421345800825  0.5502470373789112  
-8.71415841398518  -0.13468167120540286  0.025748547874466787  
3.3278826974571523  6.552671999491459  2.3826334608991426  
-9.653519193494954  -5.99075916690289  2.996836264693603  
5.154063347009528  -5.929351212733409  2.125598396283747  
-2.624257029986876  9.654068243978486  1.3249281186625654  
-0.09096495486827116  8.651258958455962  0.2026088394197434  
-5.650420573699144  2.230884353718549  0.7801799942697618  
-4.096498696517658  -4.971262845717921  0.3792547826042669  
6.685945704602151  4.489675366591143  2.4964423565324854  
-2.1907746716042142  4.535213975726746  35.04665656652309  
-4.707065736839475  -5.234123223152761  0.09683237455354793  
2.5822811091210163  -9.432420060817892  7.768825353798029  
-6.660198045400603  -8.223544234790271  0.13202931316828065  
-7.820480594113624  -2.033300690816004  0.6083791660859944  
8.14152708030868  -3.0388344017485958  37.46674413515788  
-4.041129862818169  -0.17539503456606553  0.7189213665263211  
-6.452483323577933  -9.61541495430122  2.494744080060028  
0.6541078065504795  0.235293018846626  1.3340287030133338  
3.225085940558344  -8.785420848978449  2.3654824058276964  
-9.185293912359382  6.504752059119532  2.101157415230143  
0.22834221381844344  -1.2072022023824935  0.6307909130662226  
7.601404482519879  -0.6641588707985875  56.59953337634336  
3.243091403898063  -4.687159491662771  2.0945844388748442  
-1.1718896592178591  -5.496354800319672  0.6897275902273501  
-5.101605355552412  -3.87828639358686  1.8739324506819446  
-1.8592302657268576  -5.463059135080512  1.2008745693152192  
2.5354051464796754  -1.3397964438226815  0.00465043429220352  
-3.776179806835687  -6.07861669842036  1.2129372891559016  
6.824096198644163  6.057787992272626  1.9924782053076164  
-8.075139264648305  6.3400488504840595  1.2430213740061973  
-1.3814743796333637  6.397717643473154  2.4680486450893904  
-3.8118452718931684  7.466960504730579  2.3284618912909596  
9.441242111240655  -6.332114555587928  2.2288500737177213  
6.687602951107525  -8.170790941677007  2.0950461016319673  
5.987469114915257  1.4131135081355204  2.0763846621558333  
-3.950203411677591  7.253310758282922  1.7464088438321803  
4.039693247551451  5.104481554349622  2.4817268970126967  
1.5577897530514555  -4.588587722636448  2.070304535613516  
2.1832718984519985  -5.7586822194755545  1.2376847422546646  
9.226205892956315  -8.017023153219418  2.182458252850474  
0.7136952485769044  0.20148635054643904  1.8807665613114346  
-9.861692900441838  4.947575628115196  0.3536993279306641  
-3.8738780660911782  -9.144412131276763  1.2911572076110773  
-8.064344876836687  -5.475597482414793  1.8910808799335923  
6.577817489904788  7.9606982221472435  15.70234775516494  
-6.649020144339173  3.2741494258494104  2.168687394780693  
8.714114058940378  8.349278401487553  25.805735739880117  
-5.325109212325128  9.878853222995502  1.0288348297557048  
-8.751476075750254  -5.071126320329102  0.9872418617394576  
2.047047053504471  5.115350050772104  0.3993654164277363  
-4.312372114534897  8.50822596683609  2.39897780899919  
8.462419335159247  -6.462040930437016  0.09774027664515045  
-0.40863685835633135  -3.534568420897517  35.970057340240345  
-0.6167391219485179  9.386014801874978  2.4176338323984137  
2.7593360182223226  -0.7262375719158634  4.244883055779075  
-4.152581345521062  0.2318842959409224  1.7187320252594058  
1.7337870350086604  0.9007779513069849  2.276989672537187  
-7.03639196306513  -3.1149172422205496  0.8654384193275819  
3.009829926358428  -5.903646013900676  1.2055067932303927  
-3.3157267743054515  -6.931878657884509  1.9851904827872657  
-9.65640803836365  -3.4147460300380006  1.6313836941903697  
6.746661710097907  3.379704177770508  2.1420902151387193  
6.5488782201916464  -0.8201377375107164  1.6474754994346439  
-1.327263352894601  -6.939090638992487  0.1465507632814611  
-4.827012682043121  -8.171286832514506  2.4097405649157784  
2.7185523073027955  -1.920031838780714  1.3466638454382927  
-7.557695928878001  -1.383567380872341  1.7131685750579413  
2.6637163229204113  -0.9487220824970812  0.37198964472494156  
4.868288100330421  -2.2692785085406086  0.42735841482368225  
2.33156701728635  -2.4957375765257446  2.425473376680892  
-7.0955076454891675  7.41200658477457  1.4499489086960071  
-7.269314175011063  8.017716917993098  1.8441908817450163  
6.045230110756734  3.901381244630187  1.4611052665037185  
-2.291625278704334  4.735252522234017  2.2746269068244755  
-0.24348257417833707  2.402460921988986  1.3872647558834916  
1.0067206072548007  5.77746964118141  0.9331887808430939  
9.62991540709497  -2.927217366223058  57.71242289819543  
2.611872545713428  4.066488730040383  0.04765890627379643  
3.149899427637701  1.0603681189265668  0.05961413693514994  
-2.7128421820084103  -1.9215477025771825  47.047580942786425  
-5.534622880053948  -7.398921989936564  16.44987633117458  
-6.819339538727811  1.0396383177175181  0.4182408120262046  
-7.444016683896755  -1.807614988454521  2.0470874926460074  
-6.602114276751177  -7.918203012647114  0.9820703006112269  
-1.8162266780475775  8.859182824188029  25.184715160799264  
8.430140799613792  -2.1276580923473265  2.0479696328759527  
-9.979055667920797  -9.472733295000374  0.2834885792240596  
-7.670749030408284  -1.76497761885717  1.8044585265806599  
5.344203840039025  -5.479899832912663  2.4856998495734723  
0.5192404520197016  -5.723305656046667  0.009234919579582668  
5.686417681838588  -0.8054976330478532  1.3820329132767988  
-7.864402455785644  2.5358251148348803  1.3768861231794007  
2.83615313983943  -1.269128570608835  0.4472123482822213  
4.782759475602612  3.668349930469164  26.424886243186922  
5.575752874336807  0.09357900228533289  8.4899802685145  
-5.399573147398047  -0.8134975164176002  2.4165244046037144  
-7.451443548913574  -5.822848559499045  0.8033218669756292  
-0.47065344600591175  -5.233743045938047  1.9926431243679503  
1.645895248254165  -7.846130814106587  0.0927140944329502  
8.66718234100913  -6.361007724308361  1.5525960660577445  
-8.695506246672913  3.0384079382801232  2.068172339034196  
5.605095501075477  8.583012105392008  12.729071886116309  
-5.8951111226423025  -6.514857097430211  2.0057257071617656  
-1.3643352267695636  6.03054390356823  1.0607651809821328  
8.06150610853264  -4.166251799423071  1.5730684098390302  
-4.277229890679046  0.8058412047202914  1.4022921415276113  
-4.004993036341582  -4.581293376767352  2.157074644590422  
7.124063707536646  5.010012933953012  0.17760598233887703  
8.37753866193989  -6.841632674849764  0.46502595597647717  
3.556652425369613  -0.43179212814593626  1.9253403728116463  
-9.958491920763697  4.439164104059225  1.0577537936598727  
2.7966214160426155  1.9547779743659142  2.2451490682214716  
-3.8574922220731667  0.31062605561356804  1.097900480459477  
2.603016688000718  8.61204343471347  0.36128983691968347  
7.767014531442623  2.0068062100977855  0.7215017376568339  
2.856918368658972  -4.421712782673168  1.4355062052567735  
2.575492459934008  4.809748467642729  0.5660938123740367  
4.806226693337967  5.840603291925488  1.724910852019734  
0.8715174708396827  -7.729377836234985  1.1135485591783814  
0.3067840069179617  -3.071775937470882  0.30557300336698845  
-7.5124459222548445  6.804147413062395  1.6308389805656585  
8.950461504665942  7.26194898438721  1.7075133061448593  
-5.121992599226608  7.671937135612129  57.96381759682646  
5.970833552731502  4.77530478097586  1.9318097412885413  
-2.189824091534711  -7.629623023246401  2.2890629819689474  
8.817062801336231  6.323054932717135  27.272532540936698  
-4.956271550549012  2.4386766243944464  2.2664375895287217  
-4.7133722771623905  1.3926940649758635  12.327634350756787  
8.389333071020623  -0.2972944611171542  0.23482798474749628  
-8.892491811900067  -1.3654612024868271  0.7440973726533215  
-5.462941062278719  3.9702515169683714  0.5000026146016059  
9.860461458411255  -1.2739476779207806  0.7256904353165139  
-9.954817129597632  8.193315849952121  0.9633503143182431  
-6.867989088098561  2.086019187707773  1.505916563092308  
-5.119984290639983  -7.886926188206205  2.1778503871629087  
3.7887722821081375  4.954200854872543  67.42885515123133  
-0.10261595468374018  0.403131671634986  0.7675979859448123  
-9.736257441133656  2.3520952035903626  0.11492275989175765  
8.656383564964898  -3.673308169829001  0.6190887258156202  
4.745177968296119  1.4404196787835115  2.4867216293913135  
8.956036723599173  6.923266960085233  0.8774657966979107  
3.158682754797063  -6.211044883933781  0.025235296528456908  
-5.51452856141204  0.7405540049203978  0.40593177265874414  
-0.16686258300174828  0.07436292772181652  1.249985280480356  
1.9782530691808216  4.1271016150316004  41.57806568858177  
-5.258909346230278  5.721607178605959  0.3051044590281185  
-5.738508706208211  7.101395733075485  1.205492800327379  
-3.7957633313016625  -8.995394294363477  1.2766138994855616  
4.590346252626759  -5.187018738538802  1.9513757763084922  
6.9546070065174135  4.121734509036596  2.38595039152122  
2.6585631663966662  5.611254507995394  0.8591548112305014  
6.442099910997413  -9.238189089904337  1.2804484112146397  
7.675651305319338  1.7375427030192991  23.68309275899129  
7.278973844589608  -1.3238210414426206  0.7664798452192776  
-1.0986549871858706  3.656103645142297  1.4895195436593454  
8.71192622217923  0.7725245215499559  2.455953881895004  
-0.9720371928961331  4.039663109974615  2.033866266299721  
-4.987613467562748  5.246045176295295  1.4218811247141396  
-9.198711294928547  2.4251190556500024  2.374934344599286  
-8.324350779535889  6.2635941428742505  0.5837038318898191  
-7.729391966148578  6.555037561109984  31.839411303374376  
-2.6805344785634055  -6.2835660408914285  46.204144051836714  
1.0585175531670483  -8.579435684465837  0.8415972631478091  
-5.827274569596028  5.557212726337632  0.2159421776302875  
3.041134554301035  -7.978623256100203  2.324906149349676  
5.044854809397478  -8.763202116907589  8.556828141619384  
5.829333550395532  -9.141696581724332  2.4232403086592043  
