Customers 200 
Coordinate X		 Coordinate Y 		Demand 
-16.929930825781085  11.96667157486764  2.3737207999441705  
3.3815771640766137  17.75618339006232  1.481891495996247  
-5.946645229976827  -18.959457701942984  0.6306539365553715  
18.75306983582047  7.825384454020551  1.5380966962454836  
-9.89277654281182  5.886580833237446  2.1444450719399217  
7.257921952269811  -18.928589596439473  0.9959445338226678  
12.157478396903826  9.919663046063327  0.8772322141944342  
1.3891843350100395  9.504312991730984  0.12855187106312949  
-0.28337553258150194  -6.131990685814429  0.9655160876320124  
-17.771994728249826  16.158136791009348  0.07859027480919628  
3.8560134022157264  6.539822199881829  0.3270737823897202  
-1.7822266497383836  -11.807234607630178  0.9580729942410304  
2.133558864626327  7.17439672614972  2.4748110457898758  
-12.153041896953303  -13.341636378926491  1.0505900784368718  
1.883260406405384  12.033961593928325  1.2348207701846445  
-2.353108044879477  -9.421333269228738  2.125755858913959  
8.272800440765824  7.892479428756069  1.1909117768066622  
16.91073592420836  -16.990628737200062  1.500635937441059  
3.5354516872818422  5.077682573947008  62.83531386269285  
-19.460102698330417  16.72786750540353  2.1079179975061426  
13.782558921130665  12.72257281661689  0.27074914568681774  
-18.57586687922292  7.210572114061804  2.455592853298525  
-10.197172582308847  8.882651132828158  63.86985141489407  
-16.238408154567875  10.55411185451701  1.4879112280554476  
-1.7453112204981878  -11.82489088355938  1.3863886907775491  
18.72505539814992  -6.0034005536886745  1.4823816139246961  
-10.34202972189091  19.59625741665708  1.6782347859720372  
13.880612204700526  -3.304739484947472  0.24257502184289764  
19.59114346420329  17.173414802223505  0.47095610126030335  
17.765032612960276  -11.583342898431157  54.15336488417639  
9.500379668689064  16.107525726692316  0.048528134891461794  
-8.971925318850612  -16.204240714410002  1.835330263919145  
-16.47332109063205  -2.93725180787467  0.5837040421448431  
-14.45400920105881  19.820114246417326  2.3521993269838815  
7.757308468553369  -8.74073124121464  2.2477351886354646  
-17.087531200940024  14.195361636010773  0.36591376043047463  
-11.692188006145688  9.02558202784477  0.644219227805273  
-6.286733004006496  12.248350249397156  1.4892644095478336  
14.640835818260918  -15.53349991266646  0.2643406868793252  
-11.009204415099578  -19.97590198670683  2.0267533251062715  
-15.471979463230397  18.90313252661047  1.2857701724664032  
5.304877313271593  -8.767148828082764  1.5114839424119821  
17.061204833704153  15.741088502488651  0.662487682997418  
14.795963998306746  -14.296503686210489  2.1159837243047304  
10.1192030090155  9.423149508925867  43.83824371814076  
1.6570337559384285  6.999556978612805  50.22916797010336  
-11.303604252864027  -18.877330004147773  0.9577865963567758  
16.420433891558957  -3.1459455839455863  1.357102828691  
-19.50061723832778  3.8339440582330013  0.36753341299666537  
-10.534085714061732  -5.920546791337777  0.5386571287638688  
5.217960999393586  9.515802195473015  1.2372641685632502  
15.15610400743622  -4.391039696124164  0.27526866072647344  
13.876660645522904  0.9446736800514515  0.9907905957219167  
-11.994322525886524  -12.674580076938607  2.1201300824990663  
-15.326897088190252  -19.06662414671529  2.2734537206441376  
2.290460810681761  -17.665940518514187  0.38023705857244433  
-8.290577719794129  1.571875721872246  0.6018531410032655  
16.502732174478353  -5.664671906910597  2.4181711773494383  
-6.976995631375749  -13.853728833968342  1.3826255377008223  
14.058964609243027  3.7540824959493833  0.9059399377816846  
14.322792522414346  -13.607750648169832  0.37253728353052074  
-18.333745229930646  -15.718618656197192  2.415639287838421  
14.837408635593704  -12.260734811829721  62.16154534360993  
-3.2463017027390215  -12.514891573149352  2.3567041694043906  
11.68134100744533  -14.798308241404392  0.3103806963852804  
5.374955480487774  13.145715271510767  1.8945129060461665  
9.145449804915721  -17.426806384998315  0.16205049214156858  
1.988255175973947  2.9732902712964027  0.610110944123341  
9.318036081888827  17.580576949580255  2.445974942926753  
12.520095817297538  -14.637757287674686  1.7858197650574454  
-9.557268219694958  5.653354717083307  0.8255736170315259  
12.118882839859687  8.839823448774258  0.3264960880795473  
-10.58054899824083  4.9652929426874906  32.3532758510345  
-0.9952407265593486  -8.135252356004333  40.52163937355817  
-5.1453385353373235  -4.595828778849626  67.32049231857968  
15.821878657667398  -13.367833335414826  1.4150906039567972  
7.06721911781306  -5.873977847576931  1.756028018497525  
-0.10063339600324994  4.541232787421578  2.146154940951446  
-8.543976068613919  -19.64990625373005  1.5608596908271783  
-6.1727717943338725  0.9815148338271875  2.3068022755154027  
-18.364262846015347  -7.949223406728203  1.460896946596899  
17.75344136072807  -12.905487138781545  0.4148229824533245  
-1.2531828373095806  7.202765166737073  38.11546827045822  
-5.1915005318917515  6.1665166153497495  1.2836374973848355  
-16.653877162574638  -7.764319550240305  0.8829853009748923  
11.063632534943999  2.309064516193736  0.1665477321415118  
-13.71567063238276  -9.645576450028749  2.0302912903319266  
1.4289859503737965  19.083247582537943  2.1147639075352487  
-5.023582358571556  12.38150090727116  0.39805776927311853  
2.897976725314912  15.724116558457077  2.1839730124663665  
-18.528528901317294  -17.222435170937903  0.9329695615872644  
6.544099598865387  -1.3785708038398212  0.24921372929562563  
8.728044476004776  3.4964364823412417  2.2808785225480057  
9.67641979819141  15.713000428720392  63.09599311864232  
1.501351140306113  8.330845838454678  1.9308872804680917  
-0.4399885585088512  11.44689924172068  23.85896164027072  
-1.7514907007494749  10.405145865099126  2.4765283499296253  
10.107582245197992  -10.03125664558246  2.0833218482547706  
-9.541888035750446  -4.528752915715945  66.46220070663801  
2.948545611176879  -15.809662394381437  2.176238807563907  
-14.189640535494675  3.664031280954468  0.7408613340173185  
14.281778072867603  18.39591520150295  0.5132374509261528  
-18.425991639208576  -7.627521141918269  1.9790395301528363  
18.918322878105563  -17.957773173488803  1.2934990279013578  
-15.353612819604741  2.882776073503255  0.40010298553662144  
12.920280965829342  -17.591277232558518  0.8425877864322242  
-15.357267476110792  3.4496399325739304  0.9443782567859857  
-13.757850183617691  -6.245914729168831  2.1453434933124953  
-3.558915657751683  -8.547879286577613  1.4795883657678246  
-13.21915661400939  -9.364642226122847  0.9499718126594667  
18.589002577655336  -12.709876226823095  0.9051416868897157  
7.240665228030473  3.0459255467642876  0.9530975872059668  
3.9783490329056015  2.677904353466335  27.43300194751817  
-3.780537054727617  -18.9714112757855  1.200546970609836  
-10.805614364106617  -4.009217900044328  5.719482490711896  
-15.07776958672617  6.419985542381269  53.94694576091613  
18.945438626533388  -2.678660554965532  1.352593925526494  
10.90840052224604  -0.6173875786567251  0.9756465400972367  
-8.020618677284904  -4.0986729754169495  17.518318377852783  
10.279073717917697  -2.6193075491657396  0.03850960117233487  
4.893177542063185  -7.454446907066647  1.5189470927474598  
19.710448036509113  14.256142793764766  0.1340376211715913  
-19.758250040992667  -10.2260088661914  0.2103269174562747  
-0.26031988089094327  17.06088630668515  1.2998950960664288  
15.352408619400471  -17.731636740150904  0.6926710779619625  
0.7094449867303467  8.301762958140245  1.6548196481382458  
18.251095845561856  -19.68056073905032  47.709496343811374  
2.7774356842420005  11.254290218367089  0.5829425321658405  
7.106701529447097  -11.078682463310523  2.2456473355316415  
11.39704881875884  6.001516974426771  1.7119636410636832  
19.599692231822786  -4.831078485408122  1.5501781600770497  
-0.3244793554790988  -6.145769424965408  53.4575705571677  
-11.37869280892172  -13.385027276899395  0.7732504355742229  
19.01574750089153  17.80875589673842  0.9304919526236705  
-9.290432062192204  -6.75731544817749  0.3523194527625015  
9.448050785157974  16.698608121871963  0.9810787894118622  
3.6283608772829403  -4.289571370796841  1.3070710181766967  
11.058132485715689  0.6962360337702762  0.5742987896906135  
-0.5041697027710121  -7.475372315047855  1.277975096182806  
7.917471026507247  5.821119009790337  0.19678997818610433  
9.868339672908867  8.7971128202927  1.8967791079091565  
5.922412687016944  15.110460776111758  2.4156110067459284  
9.186250945880378  -0.7567857474630273  2.186206914433436  
-4.051802678167062  4.108726117536612  33.594939490661375  
-7.012233166568041  8.076813622295099  0.8111281425418784  
-16.275816521155846  -1.6677200024591698  29.645565076045454  
-2.7029073004033464  -1.5413727721572457  0.6284648303700863  
-2.1634910421251234  0.36537557981937496  2.3709247086032903  
15.593165130912197  14.153959897860936  2.108099622833384  
-2.7355549457098505  14.24373361925386  2.30957486050623  
19.765191528874695  -13.943822292576161  0.32205206574778794  
9.856692152280587  4.781974912729218  1.0360895749958692  
-18.538735746468905  -13.767840783995418  0.8241884765217431  
3.153868057825555  -0.4988526163415763  50.09133049261377  
0.2362849874844386  -17.854035210298903  0.36773050608294805  
-1.0365677343049526  -9.187393787613512  27.012208631053237  
14.90545600022299  -6.283020783896394  1.532828819869441  
-6.906689038465835  -13.885520056340868  1.9397360902556813  
-15.490407242489738  5.8687805850511126  27.69043133667366  
11.65045492653136  3.4570003548369463  1.6944890115867088  
-4.701502431576667  -0.7750221713003285  1.5219605824231  
5.310591271412385  -19.56708320291169  1.3926231972743786  
0.13864901279968933  -8.391728615734078  1.8503198240908  
12.965420538770644  13.949261170336065  1.2719766142654194  
-13.248533786810519  -7.0010096002719315  2.3407367155912775  
-3.846501059172951  -1.4632838673237636  0.9279056512850986  
-18.811622041854058  -13.39065425333672  2.2824672104204344  
-4.318932297557151  -19.147172626930246  0.23014964536136412  
-17.05103263614346  18.729662095270065  0.965370742896477  
-8.160932809683988  -1.9646913262764834  1.4788624828877164  
18.14842833943522  10.002830401917237  33.976004133765045  
19.622601076440084  17.561701750610716  1.5595752210793077  
-12.859411252352317  -9.21676994282353  1.8341254528387845  
-19.640914465452916  6.271634532151879  0.9818567024751412  
-6.997249466518696  -6.763620371949791  1.434102176425155  
1.1513400749398244  6.207917512764812  2.311437430818926  
7.288600222215699  2.8355567996785496  1.0014417471691983  
3.5418731958519842  -15.067251038581716  1.1305617251940507  
19.455428436499773  -18.088363980576037  1.6237577290341718  
-7.195392762210972  -2.024740020775937  0.7863346687174827  
-13.628080715328226  -12.08758664312986  1.1612082964984567  
-10.72970587112778  11.066660947482315  0.3118288127887031  
-11.687241299358826  19.027634002056104  58.98937086396137  
13.091872666126562  19.81923675149219  0.5297167992959068  
7.846305600244978  -10.16398692486936  1.2891718728562052  
-16.14397889310256  -5.4945670499669  1.4731949549078283  
-1.9784199992078015  9.63046129544637  1.330185659410631  
6.447145284523941  -12.406699756615458  2.3839638149624656  
-3.7391776004781185  -13.92220484358079  2.1544882660682423  
4.570059300709165  -8.305475789394503  1.172031432018471  
10.363856801993133  -13.130834494085759  0.5234112613780673  
-6.662384600007263  -14.418684880478128  0.8471044766314548  
13.030538220199382  2.017457058370539  1.4504137653253923  
12.329511170513172  15.928385674212706  1.056333190311943  
-8.692497571712646  -0.5420861019252499  2.1003538779289856  
-9.471448759932297  12.436282264723665  0.98817585015303  
7.365487172767395  16.608236645261798  2.2941373735820743  
-15.459408090319485  3.9923103987971196  0.527148227664474  
-2.9865320429304845  0.5444012780578404  1.316009204209798  
1.504434866827637  13.525308853488156  2.1692234964103125  
