Customers 200 
Coordinate X		 Coordinate Y 		Demand 
-11.399414498573467  12.27670153345705  0.2705742722855847  
8.184251745443127  13.013729330767099  23.21332947300707  
0.040397648324542956  -13.839221735556274  1.6459291977820065  
7.4363161777124205  -6.358157398869931  0.7338953743749699  
14.80509988483885  11.523495473207817  22.885961650781642  
1.2202832366022278  -1.9430444591330502  2.091348712309666  
-8.582302284023699  -4.9481086944907755  1.77431928461097  
-0.3525562078294726  11.505013103942304  1.8409468053079692  
5.769734523710053  7.146712566417673  1.3524144917130458  
-8.173274825980549  4.496757645885765  2.4970581606074966  
-9.171688209822445  -8.864721234746614  0.17535061937849428  
-2.316775647457357  -0.8019773943860251  1.5362609382328185  
5.087618983771122  -13.404931638441719  1.0641243965518834  
4.751716837759496  14.129966210161875  21.720756186765385  
6.60090546896674  -5.4385460569016395  0.9345076504864804  
-14.468922264225258  -6.297324434517964  1.3175777760694396  
6.928834959122458  -0.10696268146229215  1.4284104061125167  
-11.51444535609555  -13.394415874795119  1.4767327510486816  
-13.159838644902923  13.56800879709327  1.3355581355014894  
3.2788272598849737  4.578137147349377  0.8765909434921813  
13.100656877671593  5.184978285049546  2.0261856574217436  
-1.673205049172097  -9.415853880779725  2.469611383298935  
13.186240500838231  -6.558288811378413  0.2404512021221769  
-3.7449779835631176  2.9132638547551153  2.6749561675671925  
-7.743768441030827  -0.13479598744727106  20.978155815076985  
0.3467919504331771  9.233021915109266  9.920445563058742  
14.222679887691172  -1.4334572977808087  1.6742935692168437  
12.56769171752654  12.114870773921488  2.2782075136527467  
-3.7483046401786506  2.2939806302847146  2.111670656712876  
1.252674891186686  5.05765074348589  0.9691513894102677  
3.532728399707789  12.557666535184584  2.365403834798843  
14.041541433358265  -14.468058093617655  1.731427940070902  
-1.3482727569433397  -10.900528841094625  0.800894418204009  
9.148759939080577  -10.931279154726216  1.8550178879544506  
-12.595881615311136  1.4813390915436138  1.9904449613250095  
5.553586443926431  -4.084229596234268  1.336929402331148  
10.383541122208587  13.065613005487794  0.17940053547436802  
-9.803598182574689  -10.714722799923582  0.7324862172123014  
7.182278391195776  -14.839242095705966  2.374634865184845  
-12.232781065341182  1.7160441274323084  1.9736877231602203  
7.53931591749199  6.605934580756561  1.0260846617551713  
-13.827717233219426  -6.426223967733671  33.62149629743809  
1.2719783641967908  11.567845662412388  1.8970350545011172  
-11.735282511624913  -14.787141571941254  0.6746848825187459  
-13.672938241548637  5.823307685812299  0.8438595882826152  
-12.074860504423246  1.8230715661613281  0.32515968511804105  
11.787418251701208  -10.699028539789602  1.3509174083741151  
6.078191550450633  -2.515318597365612  1.8901077932072818  
10.169921662728779  0.1556394681385811  0.29131138064565437  
-0.2690756783690915  -7.5446598288118105  0.13202662717427927  
0.8507481759584099  -6.8513878252328055  2.741285676518307  
4.618962878842698  5.212239218845543  0.5181253157048937  
-6.0460821448344575  -7.3924998529049795  0.444433200229388  
9.546407880632007  -1.72705653834422  1.2378730038417494  
11.539030227505492  7.738947042397527  19.3994362949406  
-1.9946135623297572  4.318353022803304  14.374977580629864  
-9.575872248429345  -14.432311479446575  2.1384374626798524  
0.16121736662513086  6.641228786515754  0.31485903853838815  
-1.5203641529067706  -5.724604060525486  2.257224708001557  
5.789106487516676  -4.556292015900391  2.402238283278587  
3.7293005595094826  -2.7872627356663227  1.1396462030050538  
-13.751685448674374  -0.9927313262673589  64.62932988576824  
3.0940817012168367  -4.641910925850988  1.7511779190168129  
11.079751672251579  -13.741443510151775  2.217667770609968  
5.114914272595286  3.496350648364608  12.913434463359417  
2.3129053121187013  -5.245466805706862  1.6879593222108524  
-1.5096970663355975  -7.108723193855151  24.100253146395563  
-2.9319302270764016  5.610364651924854  0.9989608390020538  
-14.23533655296544  0.724787410062639  0.6264012402950279  
-3.460206143727836  -5.606495589931331  6.330236458438047  
-10.996636877469264  14.07667713593839  1.8076152541555182  
-13.052506141419848  -5.492606589772965  0.7110851754425573  
1.7903918420236025  -6.281828425912931  14.768029138297106  
5.539168900869406  -12.911772682404195  47.030492791488705  
-10.615397939716246  -9.507239360195076  1.2102906520741996  
12.23415168043697  8.93821803174992  1.5707929570620818  
-13.629543263531428  14.557750664487319  2.484217067983643  
-5.00916545104441  7.518796170187471  1.7377579709025879  
-11.360778866634039  -14.740027372785438  2.2219994704720767  
-5.51468906667721  -0.47281690024844636  2.450444572024962  
4.036534980312894  6.9190823102616115  1.2272742065909894  
11.186866862916347  -12.920220468863882  0.09225594100855744  
3.5123069718832696  -6.708107702939861  2.4183051638053463  
5.416259266812087  -6.974201419056952  16.89456011497735  
2.108863404397212  10.99116690220314  58.6850249960042  
-1.5272795015123197  14.41458562263091  1.4360100961883595  
-3.376708195240722  -10.367669095626066  0.4219466450641157  
-9.584373577879449  0.6400687005592172  1.5830524126937675  
4.279917835682799  3.981509984262189  0.059372851421731765  
-12.413235387722874  0.2857601472792002  1.8245967177862998  
4.248850296837524  0.8783642436674004  0.2690647326556739  
-9.54085888131133  -1.8062349753020168  1.7392794189287857  
11.346532282460394  11.207127119917022  28.29692713951464  
9.898260783289018  -8.218776041692841  0.1303867282446916  
8.754237561797556  4.689308166073239  2.2305061799378874  
7.421825149144862  -6.872371225738473  0.15268635855477358  
14.09044867829548  -7.2285152484515685  29.078720216995073  
-7.456225768725413  10.856450354922053  0.6192209274192528  
-9.326943048503546  2.3816252838666223  1.3382062373517398  
7.788625353200526  13.334516899131422  0.6462672781576762  
13.307313054446631  0.8273790644747354  1.0474603436051841  
9.46202704908611  2.212576414900834  0.4196635519460659  
-4.564522038179126  9.609773367684259  2.366649244238827  
-10.236514517866297  2.8304845365028335  1.4907082758428727  
1.984102271020351  -7.574248708974793  1.08925946621349  
3.3271847318559225  -4.4895460476596245  0.6348339527691416  
-10.255122790557994  10.132990742575476  0.019407231717354922  
8.776851024821415  -0.7381981582788271  1.9312582820808608  
14.62499091811127  2.950441019274006  12.596607536492812  
13.380585167214328  -13.079363699226661  2.346816483960836  
2.6029286310113875  7.668016224193753  0.5707568905192193  
-3.6083838404651623  8.247911673626191  1.732177688629992  
-11.274344071763817  5.138877729951872  2.1340884304760204  
-5.839101759876687  5.009304721445734  1.2636482489325491  
-4.016877435287498  10.82775097120349  1.2123744008739803  
-12.392496332716881  9.56032522867718  2.488765626473678  
-6.6039808764207155  8.688707655809285  42.573101059446365  
-9.86726852497209  -14.039869810074782  61.68279632619142  
-9.84726907499064  -3.8541451221727776  0.8551085528481097  
-8.43611168797544  -9.862551305180753  1.9569649055701324  
0.13142434528740665  -4.549636660494244  25.675093850241428  
-8.78633594255088  13.132075254905963  0.05374688209619505  
8.643200365681217  14.187281306329371  1.1358319522485503  
0.6410500531825676  -11.064640969998415  0.15054519383464776  
-9.267744353179719  5.205562702497744  0.5841021426231113  
-5.800273107105475  5.953131275344255  2.2918371228604917  
7.868989747914927  3.744749488884292  1.3793702189583243  
2.959872066133503  -11.38549460398119  0.9558644167279564  
-2.6280081425098594  -2.9682482934776573  2.1182744039686145  
-14.910687166650206  13.149990812407452  1.256446369900285  
-13.605154568550189  -10.878847412828136  1.2655097178712928  
13.279971277208315  -0.9376460944486222  0.5142083960771251  
-0.1863031543616369  11.252484125671803  1.9456529723123768  
7.305530258878846  -14.686334765479911  0.48042904310621887  
-11.148492540264922  -14.502093002363951  2.451082686212514  
-12.703731210717166  -12.248027223321317  1.1217082252147939  
-5.225051165789585  -13.026264476667691  2.436696665672123  
0.8169908501184668  1.8010321128052702  2.498660499690561  
-10.500140620407338  -12.610762685529021  0.39713141499839233  
-5.666002260734901  1.936545154372002  1.896835995109659  
12.441209886316212  0.2061579159922271  1.147185320055838  
-2.842965542606155  6.972322912240056  1.4930719800511347  
0.4435152133802873  -4.817604614287335  0.1511497523766242  
3.4421474698926247  -12.320167825773531  2.465478852861747  
5.127625949526934  7.5732690889494805  2.1717505381465205  
-4.658605133748889  0.7645489668680092  2.080263224761005  
-0.5101597691064477  4.763822626650434  2.334403176818194  
-12.114654866573273  10.72256324613808  0.9135908896482925  
13.089271540505557  10.605584387027726  0.8274849053935163  
13.684299083332121  8.600865962586372  0.4916937871387686  
-7.340588444022717  5.231246426343983  17.8093618517731  
3.0341771859354516  -5.815232807511832  2.2574230630111805  
-7.5201732234867755  -4.379322654261205  0.4176289098258956  
2.5130061775617207  -4.364130448566954  1.8964519796916999  
-13.656081615671257  -0.30828331778369034  1.7020016081828981  
12.653945184229709  8.104044017317989  33.45088939768391  
10.458696812075143  -5.810810944058375  2.325336329272401  
-7.2192149939047106  10.336838861179746  0.1166024788865927  
4.11249443641794  4.145573298508413  2.254708723475963  
-11.408137632542296  -14.190230963651103  10.180914126030018  
12.44656362252232  9.18676368673847  0.6875175830737681  
-14.421674315874103  2.4009075601462833  0.9851112285173349  
13.166492703808764  9.456360518332406  0.38356203691799623  
-1.1373154586474286  -7.866762362007376  6.357318954548088  
-13.470621148411691  1.431930953728223  0.3987612904312904  
-12.456408719443754  -9.991821205992512  0.5963495601937224  
-14.557304440158912  11.406672666621247  1.5662185261691275  
-0.8672209350707298  8.453747769625195  2.2848181625660695  
0.010792135125655022  11.90992055694991  2.1953337559948585  
-2.8298936132259076  -8.589226063691026  2.1991754261624896  
-11.635037753669465  3.83993644487564  2.084667072468153  
2.602634845357233  -0.41938230956710143  1.5423633255053995  
3.1130195948076995  14.582413729416889  1.0692568856046583  
-12.986315429812079  5.857822081731669  0.48259336496184246  
-9.755684252057316  9.888137600817792  1.4480952817863075  
13.287805070864248  7.4711427906263985  1.3771018337856598  
14.826144678706171  -5.216761621753037  1.7624640665252487  
-13.202409534308053  -1.1436153058302683  2.003992436224977  
-4.672536980728561  -13.714523449749844  0.02083454055696543  
7.698290057746412  -13.215509193529227  0.9603691273097598  
-14.09413501669293  -1.8000071572786744  0.09103403079846056  
12.416139857821673  -3.231683025756322  0.5099621432590364  
13.493757728835693  5.76796747975132  0.6053827658141633  
9.916357752792536  -2.728468815699511  0.28845108157736554  
14.019665163914613  -14.558384072851599  37.856982009235985  
5.836741106361309  5.743070640114606  26.071795373419043  
-0.399400962010823  12.55897266006463  0.230505948700592  
5.0727994324314025  -11.999394030405847  56.49865035168166  
-3.9585592561233724  -12.808113108238924  2.0452555193501345  
10.9003683041541  9.98643029848979  17.720042222616087  
-12.522736043948134  5.940674875905895  25.933733728419604  
6.221627080606996  -1.5807651549658068  1.57713177453061  
-7.505456011115442  4.948868142140089  34.280379009141654  
0.020477566503791067  4.365188099685508  1.9685232554468601  
13.567181988842272  6.911486854603162  0.5130348492758927  
-10.386797165867252  11.251763034730835  0.8988435623521307  
-0.8567152965916165  2.3502845821933818  0.059274424577951124  
-3.219643606116481  -13.652242205665878  2.37561809940053  
-4.781354401394498  2.9293974700510965  0.32331669375731426  
13.36581100084344  12.23293531080397  1.0323533513230867  
