Customers 200 
Coordinate X		 Coordinate Y 		Demand 
4.4796087789398324  -0.7000136102072734  1.4207000427743732  
-0.5205222190843344  6.38647420694182  1.191755814125299  
-6.317011929501364  2.3244054444436806  0.45331642383156123  
2.962429071588277  4.32773182432031  57.27837244597197  
-1.48302977464499  -8.20027160765009  10.716535190923997  
8.40576860993432  -4.183245132195664  25.545129808408788  
-8.02171617607324  -0.33571549905245845  0.566199228399664  
4.0090475776160055  1.7490482497767328  1.9641395817853013  
5.519920696616133  0.6681827522861479  2.0139508890155393  
-0.9263434814002363  -3.7017076425771878  2.0062785565049386  
7.748356689261541  0.4743762358340664  0.5185556853452705  
-0.9468000716171581  -3.839406230448377  1.4665531122015474  
-2.2783940903748867  -5.028118921273304  57.72709059963013  
-5.381239789880845  -0.5125443971527162  14.199211287187156  
2.926231942680994  -0.9957184683311731  0.5518663313953048  
-2.6828187718151097  -4.78940190006687  0.32473156713427265  
-2.988566363489249  7.716643664487904  1.7131277424465439  
-0.5995050903041559  8.461744350906255  0.8052546479930917  
-2.6416595795350943  -1.2760415882983835  2.104721417871637  
0.40461441899443606  -7.209493917938145  0.12337539468470188  
7.56263729059436  8.304246405874704  2.2108961174426547  
8.055419292769361  4.883486936662379  1.7771147154222644  
-5.091358539999479  -0.18055242569743335  0.7529607691890969  
6.08036008413934  2.487735350250313  1.7790033977381081  
-2.0870356308354747  7.567211098484382  1.7067469458283657  
6.503703582027168  -8.758337789814647  29.935493572277075  
4.0158740503586685  4.266728530467736  1.503329140188385  
9.003547197236802  -8.883438786642317  0.679799154594462  
2.4984910941655496  5.3817183639585195  1.9696438099393112  
-5.091274481289306  -1.8281560174856892  0.9823897962977873  
2.7039354473822534  8.483695168523216  7.49496451866118  
8.41373241597363  2.3271247259062573  0.7414738744131597  
-7.359441070537205  -9.141350682840736  2.099655185560051  
2.5897895888557194  6.854273504239348  1.3644154033603473  
-1.9546215383980154  -6.439742250426443  2.228499185717268  
-7.229820870952008  0.29256678016031223  1.1291441787292646  
6.985840276253935  5.11275165243312  0.1741489351713918  
4.887971143594786  -3.5099437485881113  0.41305854415420784  
-9.921959318987145  3.066571482706106  2.4634327549397272  
-8.655733163902951  3.47428687806282  1.8952259825077047  
-8.600475147035775  -3.3900735763280254  1.6225021789606697  
-8.014912649327346  6.855481677679368  11.696762338624005  
-9.825206441229255  -1.5606111512693648  64.92619787786094  
2.7650241550879233  -1.534673565981592  2.2833435992922038  
-1.6883647467123417  -0.9073539020041537  0.5793274190382112  
-0.32420934416201597  5.934471148050662  1.259550537114236  
3.866418369354971  1.9465370135587783  26.74512463491235  
-9.482217076025334  3.911878843696762  0.44825475962765426  
-4.483538003380709  2.0834936012560856  0.46621333361160006  
-7.9072103285054745  -7.370852949253481  1.9751187806162098  
8.117608884185113  -2.770479817788381  0.14736726012632595  
-4.604036321577656  -5.487078598526731  0.8417911516004511  
-5.57486807104147  3.9668266766957814  0.051982122389346574  
6.385192575228537  4.548532176843274  1.7771243331261164  
-6.94390504476071  -2.5757523614864137  1.9893649873152608  
-5.094018968295773  -4.902023929947347  0.5148146138819418  
7.771292837948156  -2.351431102128081  1.241462155241713  
9.349978829665343  0.8753684898622343  44.855036762238946  
-1.8451042016410195  -9.140113870631987  2.398833527757388  
-0.37472344363576937  -5.217008497316604  0.5851888881427414  
6.769927544082421  -1.205876091427836  2.3427756819748224  
-3.9834083759371586  -9.68893622103343  1.13596502802458  
-7.132306113467946  -5.664163257373886  1.5552336250498324  
-3.486524557645689  -8.795646678491272  1.6217670984759733  
7.729294040817219  6.644416913039819  0.5631432982251381  
0.18465893525731758  -5.901235741385234  0.22972595478239488  
-8.28266235120733  3.9768382157002176  1.448844077768374  
9.176669464844245  -5.168983457421938  1.6943949019500792  
-1.8840120417080026  7.410057009007652  2.4832028764207816  
6.914838290578469  -5.875450908642861  1.3962818974108293  
-6.16253373078449  -6.333805560252848  56.552944477715066  
5.084824622576056  3.3547659589717576  0.839928844629916  
-7.926869818115945  -9.75636965268144  1.2598449920928991  
-3.027214320231602  -3.9032464607020856  45.223783677744095  
-3.032738496612448  -8.942873095520188  2.410382813451625  
-0.25768878841112297  -3.8414025215065317  20.689900777101432  
5.391681264722937  5.790112942262223  49.858163328120355  
-6.773748552874768  -2.1965859612996397  0.10840593608703708  
-4.100677212932955  1.1622513385488382  0.17148398307407858  
7.81156303983683  -1.1367696002919665  0.5404187587521542  
-0.0651190049627779  -2.6845880756872065  0.20832173812810162  
-1.0047014554885862  -7.552161374997972  0.4102039352365344  
-4.619330637679962  7.521181972761525  1.1883742644422044  
-8.81014032677619  7.951737960337937  1.0225303318301735  
7.515808498973712  -5.586969980138738  1.099934899782029  
-1.6443513413437358  -2.9376941625160153  1.0378878165860064  
7.466865099797676  0.9462573166618053  0.06064561431604165  
-5.960767839909993  5.472307929935653  1.7760060484898312  
3.22807465080637  -0.7111451029298177  49.4757367762138  
8.395151295369672  -4.00011609204467  0.4711860403044202  
3.3292694444213566  5.846394452017133  0.595406471905904  
-5.230502848466632  -6.180874948806762  1.7235849950868727  
-1.7703664714984626  -4.375923492905363  1.8661447350047586  
-6.576621348112514  9.50437723699881  16.00859583735131  
9.515415527557025  -5.870935160333522  2.360702477670106  
4.97441151995057  0.5913823334349004  0.7874576620461776  
1.9797205142316816  -9.983775476945993  1.9902858090928275  
-8.865655361779073  -2.6416014813502464  1.6912504411477824  
-1.337492451936841  -3.3196022507945067  2.0924533242469314  
5.320958055621931  3.530411214514608  1.7673937556459882  
3.9289165928027625  -4.001665331560382  0.7307436108932236  
0.7223511767538433  7.609565172403869  1.9128108317103734  
4.664050386222748  2.423408480288291  34.068510366912065  
8.391749873376508  5.534944151175338  1.134886034834281  
4.662337208867566  -9.363760982424868  0.5783673735501466  
2.9509559686349327  0.37481903947257145  2.210361241398169  
-7.7104018114743145  -5.045651157651627  0.6545974981752691  
-1.5194364868846773  9.754494587697245  2.493309670163102  
6.495944341820433  -6.296020178905215  1.9589776366766083  
2.175069028533944  -3.277126037354172  21.922833120051266  
-8.742369583036417  -3.242812507669073  1.9078485922388198  
-1.6590029910975197  4.760869949053927  1.45409688269699  
-6.474013880289828  -0.5626488222237604  1.4713578158547405  
0.31617098421610734  2.6347872264490313  1.3434188141653225  
4.761554915802078  -9.003790151364681  0.26175285029372053  
-7.111749904596493  9.79780111828794  20.287906744474206  
-8.868439455095935  -9.134437556748004  18.318541639342534  
-7.209341047612421  -1.9573449933945497  0.3785564972419106  
2.448831290308151  -9.113253329023976  1.7686964176544604  
-0.1459655507136315  -9.891295061605598  1.3379364083935938  
-5.069697711578318  6.721029485075391  33.388043326075476  
-3.6086843305247207  0.9464346600249449  18.687867104685104  
7.853223389117517  6.644027580871775  2.876948295916938  
-2.605397806332199  -7.657434417390368  61.02903456476354  
-0.8128016356086292  -9.07271053719552  1.277649352478944  
-0.8780964835312659  -3.3911107640410716  26.541242547210963  
-9.719824325164279  0.010157287588699049  1.4994017979137508  
-1.3480928802686627  -9.962056117186899  0.34263948597520605  
-5.323475212986004  -5.334959823814911  0.3907706835944083  
1.984886269044635  1.828661509890603  0.43624326638300487  
-8.854687858231634  -3.6407817551722204  0.8742454746472039  
3.267882979297756  9.185112082845308  1.5189461943384832  
5.9969112135796685  1.0163062166071786  3.805050465418983  
2.7222721654747417  -5.708532443617573  1.142392391749586  
-5.23393551369691  4.3804986950753175  2.2779311026734446  
-4.1481461014792265  3.8663114835441768  0.11917703490950698  
-1.6604713438456926  2.186727004451363  33.5738226660571  
-8.490417088322843  -3.000580453364366  2.3638712538511046  
-6.393577771625778  -6.660154941464862  16.387862982739087  
1.4010651407906227  -8.025863295209719  1.2893753600897593  
3.709403689203075  -0.6940247940125488  1.9680013583437905  
8.60295115660832  7.778472257332119  1.1277411728372648  
-2.025192086745953  -2.080860886322613  26.773939559582306  
7.67434032832162  1.0080443293867063  2.1696037760477447  
-3.4001439760931618  -5.193706540115572  2.367792572602825  
-6.0606629497358  3.8639928437238815  2.041363569510436  
0.1750796288447969  0.6339013105083868  1.388329892772695  
4.518864079342425  -6.05101243209873  0.7642594865174299  
9.120063770508434  7.379160589202812  47.18498990322442  
-1.3101237477455303  -8.435541205646768  0.4644731796134752  
3.110655921088206  1.829017385340956  0.7147274574294602  
-9.849911578238729  5.2121729211576255  1.228405698881734  
-4.424251508926746  -0.4899167244441909  0.4225975815188898  
8.766346724962656  -8.996721744049152  0.22226696718679329  
3.341767428829378  7.252591704332257  1.688932186009016  
-5.615233291403532  -3.3220532620093923  1.8201182170978514  
-3.4970072913487726  7.591507980032908  2.3332542454077214  
-9.71923510888331  5.938736751825257  2.1095089418856423  
-1.4041681891321307  3.2079242065453357  0.28799588784090696  
8.827108329649619  3.8008013864646735  1.768848022401823  
-7.844824581286229  4.613863094663859  1.1048521634989483  
6.9581047482705785  8.66206776054631  1.9356503028376153  
9.730955392463084  9.283613181708485  2.2459556272130863  
-5.991936392846872  1.7965110223333767  0.809799152613647  
-4.556962923240109  5.4347237248308655  2.2165116996503396  
-0.49785573846610376  9.973649986143272  51.25728891307919  
7.1525604882126785  -1.3382171604087816  0.720536196539025  
-6.522270810362782  1.907389355147707  0.13432253196873384  
-5.67213204738469  4.6261016358263785  45.633981140950304  
-3.0855673729501536  4.237328786620154  1.2737024232324545  
-8.316866814102404  -3.995564179991593  1.3133677158306805  
4.850880947562201  7.745673435326793  1.0063253603202242  
-6.332179403517317  -3.100139785455111  0.03713266995326897  
9.766386005814045  -0.48713928229302716  0.9582523492089001  
-0.11489782888190092  2.9179307924642295  0.6937194201850707  
-2.194368460504597  1.7150336112025961  62.621025592559164  
6.517349545986772  -9.888746298749371  1.0906635326653085  
-4.575491699433036  2.7664864072533675  1.804329691417636  
3.8368383109196884  0.9955855924707393  0.07574849907090342  
9.035211605751424  -8.489794963321382  0.6717431531958393  
4.879774250901029  0.8405938206650916  14.038296133555477  
5.228734740585889  -9.840372859095387  1.807172066794211  
-4.638218298068663  2.4384021692507787  2.29926527264042  
4.152878016762854  6.694748925141269  2.2276554844697656  
-0.08703284729342897  2.5530385969678893  1.2527650887174282  
3.623901701643435  -7.584295884021275  0.10875367050575818  
4.710691265632917  -1.7460772674432192  1.2640132708296843  
-3.450054549108909  -4.643065242061189  1.7509697294932727  
1.5881679620648015  -3.6634923259522783  0.3069905641206602  
9.2443414200281  5.265087069067212  1.830015164281626  
3.697021510111771  -5.966794673311897  2.467465314207959  
-6.793056165125271  -9.156250443096026  0.92506006848761  
7.801921601006299  -5.782277498124251  0.8033510649365144  
7.951602047661737  -5.031835918279183  66.53564904754246  
3.2854239251109902  3.305926431299131  0.896135168167782  
-2.542099098142609  -1.426968014253994  1.690640821604733  
-7.058858253013069  5.056371836036153  0.6500181838289751  
7.8252928993022906  8.916538971719543  0.44065913812332463  
-4.366628032711826  8.473608949870396  0.02040501259961275  
-1.2922508780630153  -7.076269762769041  1.0242848282314632  
