Customers 200 
Coordinate X		 Coordinate Y 		Demand 
-11.391352139075021  -2.9822940904073647  1.9034739654773105  
4.865295793090098  12.452838432712227  1.127906192770924  
-6.080717885804862  -13.464188088733577  0.006272498553296091  
-5.834668408533918  10.149748059388635  2.1885276543517067  
-5.181082134981505  -6.320550625073503  0.5522121648737686  
-2.1599851073612406  -0.562588553124101  1.1664754213480104  
-1.9841682774384921  -2.2300204796924827  53.2014731388069  
-10.236993631659217  0.5384093788792672  0.8733219103810108  
9.16092878185215  5.5426481400181835  2.3330784849533086  
0.6165121734920724  13.766186716679623  2.310216321706817  
9.386922043448013  -11.931613096068336  1.2303088407029608  
-6.049570943284946  -12.863757536297014  1.834883225913072  
-14.083266121104261  2.1305607851898216  0.962194663034661  
-0.1932120026986759  5.522116299833254  2.144691315148001  
-9.391713051884885  2.1113666906094366  1.025810048379263  
3.526704287295157  1.1608662188170449  5.969765841374837  
-2.1971014217770737  -4.057436990948434  1.0261588424900123  
-5.143001273261202  2.812717708753379  0.29646005397120534  
0.34443818682022354  6.175212138248156  1.2519101936547083  
-10.026303713876956  -1.6204202204306135  0.5118000512699589  
10.136456618357467  -5.276866191442034  0.49982196689354885  
-3.4604181202448956  -6.712895522321311  0.09392204073863292  
-2.8955353655227185  7.334753275802619  1.391992146612677  
-10.587003865241712  14.434988544484831  0.7117632307874853  
-12.069450019066146  -8.651976797325652  1.555079891865696  
2.125071586535398  -2.979800553138082  1.3316755473109327  
13.42751988323776  7.783122746881631  2.1556355335028523  
-3.257418766943033  9.037811248747172  41.771854367706275  
-9.080240041752898  6.327607087588746  0.9106812704924133  
-7.766399897676484  -14.23585738973863  0.38839143667153075  
-4.502007852977153  -10.73129646775924  2.3176825438726416  
8.953159588472694  14.02688037183508  2.1810931636215862  
1.5151228796866505  -12.072563847490754  0.9730508584169673  
-5.6339152944382  -6.433120107830369  1.448203135511663  
13.190367430360315  2.6492699505495594  1.9733189059139769  
-7.3757972683241535  0.2963253739932519  0.3491717563352592  
10.688837426094267  4.905963433345011  0.5181283689893392  
-11.884893536648281  13.75794156995876  0.07561180762707176  
-14.456220967513923  -12.43668990898987  0.9591708682158109  
0.599666587938831  -11.410055650525793  2.0975817466885935  
-13.211346526237808  -3.130533625992438  1.1642232323758472  
-2.9445265118395056  -2.6985894335406897  0.39390771532831104  
-13.333759966050827  -2.7814584757497585  1.1904173124790964  
2.8433991867001893  -0.8372329977228361  1.4731861421295644  
12.281953867459784  -2.7558480040559488  0.8858848302206013  
-7.685528855534668  -2.483925422997009  2.1171064836394913  
7.068568376969196  3.2976111272767312  1.663918245166489  
-13.525765461244609  5.309799780169911  0.40273514930179694  
3.4295204053094324  3.865454787151517  0.8187882244852374  
12.821803005131372  -3.837232827970521  1.1854015897635326  
-4.572001495424203  -14.019017177714549  2.377358084838401  
9.980776033835514  -4.238037221757448  11.639249273621157  
-12.111010823587712  -7.815487664994958  1.605635920634031  
7.239216075518208  -4.101101007155407  0.25413227687650447  
-14.218521559056756  -5.912984759015611  0.9144052166650785  
-13.384132206048085  10.949209247779098  1.9443800969414868  
-4.752008548572213  -3.908157380736366  16.46655461056412  
12.569814979180777  4.1001712174200655  10.000195993068852  
-4.851343440249021  10.329220150215935  0.44588678965986256  
-8.029248923219548  -11.869160443130028  1.35563139928621  
-4.513014285957716  1.358194131506842  0.709628205259486  
-5.552936012422444  13.049481354518836  1.9984025810315054  
6.584553793739158  -3.309279362141295  0.3969792968007291  
0.7289095288813527  0.39299552116813175  2.1236364793744986  
-9.628228777922018  -3.307406815599336  1.0346461702121055  
-5.896525117870777  -8.506987351033509  0.910278876969006  
-7.338074467709793  14.915881566366647  29.49686600850761  
-2.400396487727809  4.513348292316465  34.83853679902393  
2.775695391700026  -12.582422094525818  0.708267268751252  
-2.9810159986108573  -7.436484184751802  2.247809436947707  
-5.616690592759772  -12.880859319342623  0.6957024623513997  
-2.568913871720895  12.692968404658146  0.6668900798456856  
8.931545840507688  -13.238386225493802  2.0323995022096435  
-11.750982197226639  3.0707717000427763  1.9496273371948616  
0.5227609785770415  11.511019583229992  1.9943666238843418  
-10.496483191597004  13.155386697409256  0.6711389281631808  
8.61312776006184  -0.2312978960897336  0.252715147720447  
-0.5677599901898169  -0.8407510447087283  3.2112471268142286  
2.3972779905771056  -11.758677153343275  0.6111991369248898  
1.0015521321156449  14.612842312497545  1.0227653135826211  
8.24653309985393  14.825175427147826  1.691661669829069  
12.47799576761114  13.332940852063349  0.02814064067683475  
-0.9320892603102635  10.359530851383969  0.5615283194697501  
-5.333368917573075  -10.400282902484921  1.5075831691128565  
-8.048905366323602  -12.196321322417683  39.769192324711824  
4.933434701652573  -12.152601553937338  24.87042056795047  
-2.029440775279152  4.892370926140774  2.1045035138608412  
5.628942445765166  1.6731593195112495  0.38409767759030017  
-14.48997218587898  13.824338169431044  1.7342878503122803  
2.0303256203605144  -0.5310557749654272  2.1795074460120496  
-4.023539120887632  -10.961417339308467  1.0723945452499675  
-7.5809142444411  -8.519106216100347  2.074621437218072  
-11.729241149416719  11.633119945436768  0.13805491345126486  
0.41155861466807764  0.6010780844993135  2.2286324785826643  
-14.117637149653019  -3.5191317732813054  0.8659075217453174  
-12.840586513937895  -13.303784547247535  0.3349065822880984  
-2.025053613152508  -14.402629437781023  0.6637588765109909  
-11.46266566897216  -8.221935767577662  1.6504998439482566  
3.3303830733092035  -11.18496983447288  0.8655162125552801  
-10.064932316049482  0.820179750009892  0.6522923189190719  
-6.4818199855536225  10.318555288971922  2.1984329858167135  
-11.228962487847188  10.525717127732655  2.2513804705988525  
-10.842441874054025  7.096297760157135  2.7307768756866335  
12.344694720917555  -4.149025869097038  0.6223680061954406  
10.639377302984638  12.862171591285009  0.1152790929709055  
-13.85519424216051  11.589359854116474  1.8291957070613565  
-7.82491833297708  8.50283998024959  1.7838483795596296  
-14.769141492645122  13.820474268350829  2.0541521366099933  
-4.460138310449512  -2.3951404187249494  2.443787659012371  
-1.1952223638636976  13.528984656902672  1.3617036908720888  
7.3772211625182464  3.1164661172499173  1.888555698984007  
-4.409867725932644  12.197995808686127  1.0537868991603756  
-8.567872737814593  8.698693564293794  1.8308738488000924  
5.13603065017606  -13.31841095553258  0.7982016820455051  
4.579938158122541  -4.179487007635801  2.306097960681482  
-2.3371183374846876  -11.83877238488897  2.3367478966911466  
13.018298260521824  -4.847331236192051  2.0430288774314915  
12.567212413433769  7.490709135347473  60.26429201095082  
12.489179240784011  -11.685077909971573  0.546300421962711  
3.2027366648924165  -13.265644336901845  1.5185701909478229  
13.898266082747458  13.531364672506129  0.25948714886219165  
13.054849163673016  4.203131252081583  1.5128754462583802  
3.1988638408370917  -3.7514958418005726  0.3030711100217981  
-14.074252726861381  7.79336976462665  1.634089576382269  
-8.09247720212312  3.2708067108221393  1.4064091681008384  
-9.752648044333924  8.932800760760607  0.12188071498185182  
12.118559263465393  6.468383899392602  62.17943771872803  
-4.860769340002246  6.938565861746344  6.042222311156651  
7.384674846558813  -10.388491912036137  0.7820795378002687  
-6.671298466292871  1.0919091573057287  0.10454875589063883  
-1.6691599562273822  9.386645986621225  1.419021061150063  
13.550302069010208  5.234228019733251  0.11712305314834942  
9.368651459051303  9.148703264836005  1.223121287217278  
-7.458173587449229  -12.81082472978845  1.7664534602942372  
0.3783354252575304  1.4641549115948784  1.8274725125563471  
-5.7459041045542865  -7.184499374844941  2.023202800629919  
-5.274406738267439  12.999766089816703  30.317205409979106  
11.391669919944924  1.9953105214701061  62.989242693806105  
2.4804683144542246  2.8115712404362476  0.5779957154332238  
1.9016744994847627  1.3624501182944044  2.0782027081625603  
5.205433365605561  2.588818195323558  1.6238959505034087  
10.527936589509121  -13.924326166388557  1.8444847612284985  
6.179874759384251  14.907550195318919  1.7068326102553897  
-6.952380836286917  0.44131201309890145  1.2001288384872097  
7.428165348860862  -6.951478379801303  0.518710923383015  
-11.692466673339975  4.690110594925102  0.5184257612366314  
-7.581482413616952  -6.565868273759657  1.6151854259423635  
0.6773195117007855  -7.287073442580691  0.6405639645766026  
0.7997956748060577  -0.7609365189774611  1.9685990885886764  
13.036696183370047  13.059984400041994  0.48040257674644815  
-0.956516757052734  1.2293155909248412  2.1387508513641507  
-12.0860611875931  -6.99164121329521  0.6035182759207283  
8.357987474201899  -0.6156796011017036  0.43063162831402824  
-8.10719479954934  -6.997608492407267  1.462166233541073  
-1.2575307773222946  -13.643176098451773  3.3716839793355997  
-14.094928065784295  -3.7282878646305413  0.5927959468629873  
-4.452610342965331  11.325222574757369  35.48135005536696  
1.525883517564285  -4.068434161947881  1.2077631079858673  
12.408956037347622  10.2930513618015  1.62609532524238  
-9.110907404156503  9.370122865337379  0.23787695231414635  
1.9246551535210337  -3.609708191317404  2.1574899641288376  
-4.660212319995239  -12.772531970235399  2.007424848390717  
-7.062932911142326  11.23120654705485  1.3837685179252817  
-4.558814332715027  11.77094715818916  1.8483144102408657  
-9.206858644694657  -4.116623514456613  1.6755191755769128  
12.453084448380537  -13.028432282635062  2.084973422678188  
4.446120687908444  -12.497366724731512  19.415261998539336  
-11.100935255683453  10.086133941870202  0.9466484008778281  
1.7673081795512608  5.188570339415122  0.9917931413283645  
3.339614781752914  12.049806739135963  0.5887425775826938  
-8.065139415171998  -13.884673402717482  9.662638522378643  
1.9683846078056  -8.516218559696188  1.029834046115732  
-8.73320703119217  -9.507679415281807  0.2415247790004313  
7.14874298257255  14.622754672691851  66.32356912864049  
-3.634614647360369  1.4096337952368145  0.9668157316919529  
0.5078318040193572  0.9668897393671934  36.80069151150072  
5.940180331560818  3.1227198261413385  0.6336505472686662  
5.7052997205935085  11.962948875877231  48.63742118227354  
-9.82324595288959  8.831139271533857  2.4953505243101066  
3.493910109739687  -2.4807078416108546  1.1788413928788002  
14.018454182976555  -13.494008641401873  1.1092316735415706  
9.18920440713271  2.659424620817582  8.1634386559466  
8.22828714276124  -1.179254825232336  0.5957510528248275  
-9.83458962313482  14.118779955801578  0.16272891760266028  
9.598143385226567  10.740153775619365  0.7908716208715627  
-1.5052176576233798  14.189430627255152  1.3774911523370785  
-10.82744776048038  -4.178069895257188  0.2857874694095616  
1.3475667681573427  6.617410757695936  2.090067197226063  
14.854147352830463  -10.214116561872949  0.9731484716242398  
9.26976478931201  -3.1426657579986497  0.0027120054746873623  
2.258036104637192  -12.594798233679821  1.843926709519716  
-0.04409726310794326  6.489006744254798  2.2493679536561224  
-4.817743848350668  6.27455625164421  0.40406347587816915  
12.63397666814658  -0.8992906645344085  65.2082245976153  
4.561508190772521  -11.490264251020136  0.7050391203294115  
-14.32023257903134  -7.556159417598156  1.2709594925957317  
2.271354139176079  -1.0665225308800874  0.10750507537651499  
-2.4222838819496033  9.163617867614189  44.70038526225334  
13.650065571955455  -14.197800685485905  0.022119828975237232  
-11.154452971225243  5.910506645978668  1.988024960469682  
