Customers 200 
Coordinate X		 Coordinate Y 		Demand 
4.440193097192868  -6.100478853045896  1.9461021685253725  
2.372152120481296  2.4619398262437997  1.2180678959227764  
3.6084424882965838  0.4909090063077599  2.4774654024971587  
7.842797067151906  -3.0442511114424224  1.4234741256894963  
2.8938603980555158  5.703954357771684  0.30338008825519514  
-1.7351430992415402  -4.265473906676105  1.8286557088944988  
-0.27926050629081445  -6.95747831659366  1.0532884141956997  
-1.000369064074274  -4.6364438551864895  2.393388699490954  
-4.392583969365454  8.51027311938675  41.51394358845899  
-3.8986355781630166  -9.018918320605355  47.29637162240766  
-9.649295126636767  2.1347362480581147  0.2821952590385382  
3.9690900281392096  8.462628330095974  1.7766563482973226  
-8.554065420868016  -7.64608168256756  2.022055600486227  
5.460633051131865  8.236943457296306  0.9319869522457866  
-5.554300925248392  2.093596392234895  0.7156487344305995  
2.671894971126523  -7.918333685014797  1.5157873004695457  
-5.039543758846083  0.3634058625572294  2.1629725175096395  
1.584545861601324  9.22686746410086  53.867396706501935  
-1.9959018679593683  8.199852492890216  0.218139558740289  
-1.2147452648361359  3.094565218611473  1.1318416768773445  
-4.612383266505624  -7.215625241070822  0.07089689959607931  
3.459572084680806  5.002359469043727  0.8655030909371673  
6.863988947894477  -1.4354232624586096  2.308327238346935  
-7.136402272098632  6.15930333511178  0.7750430079757153  
5.727409030334449  9.206762022579682  2.1414975164740344  
4.476559389803818  4.2821281072110935  0.02517176287761047  
-5.430009180220646  -0.7921058526624751  1.3068213275851817  
-6.962579919180623  6.15996293906781  1.3945322415672532  
1.8990657579857402  -1.0049016598894251  22.85475408469304  
5.668648198824524  -7.504337483866179  1.0746294000446528  
-4.681798130357013  2.340845739879267  0.5406034727418219  
-6.709732928048444  -3.6481311861777987  0.7772623716354545  
-8.024931346322523  9.921930577240701  0.8371744998220134  
1.5273135487717369  -8.470060309305648  1.8477238859640146  
-8.02072917599579  7.850372953942504  2.3540900352140883  
9.313832336678804  -7.790143427386429  1.7060337441283604  
5.493281363096987  5.004371584226796  1.0234781684792362  
8.396526009272428  -9.82074872545461  1.0634707941891184  
9.199591611255283  -2.012571746510668  1.1768354987203855  
1.9411881286274646  0.979662278868469  0.9866700210660834  
-7.152790698026175  -2.4562279172477712  1.442819141477866  
5.445046108771098  -4.7018420163210255  55.07160013210791  
1.5806268856529861  -4.741790622231196  0.8978758968789389  
-1.841863949152657  -3.0675584387110755  0.5943344863225462  
4.75438375048693  -5.631481938449278  1.1044756075734123  
-1.783163078650995  -6.342430275004915  1.4519406440373643  
6.936352580383144  -6.481478739179003  0.29671384440274645  
-0.30731444116144324  -7.677591163996014  2.1889874940188445  
1.8028688393902943  -2.720045276153698  1.598049476845196  
-5.24039579812523  -5.496051719374195  4.6930022479874935  
-5.371169804779021  -7.728738998975533  0.28094321613342216  
9.182655914090432  -5.952394572529586  1.2499840350734035  
4.07589634524037  -7.298567036704031  0.7031619616555154  
4.33146272838189  2.821637475398335  0.6578896766222125  
-1.0180975025492849  4.167027221791555  1.680515317932627  
3.9214044193531112  -3.9862086272839274  2.0798122228463383  
-9.145374536495455  -0.46951701220495856  2.1807895411925426  
8.685725126382824  -6.701683493899919  0.1596124614312272  
7.773015467264905  5.707856952655401  2.3486447799182013  
7.1816775083747615  -2.798539240085571  2.4269724184812516  
0.3990256223997548  5.19411285597104  0.49624070075242804  
-4.066182205520359  -5.0064201401871555  2.2042350339874366  
-4.196836939623507  1.1540836232493845  2.3193569415578863  
7.117590501557281  -4.56401656748924  1.4779965302831777  
-0.19311572538780553  -0.09277001078491054  1.7237732408696427  
6.98631931191127  -3.2893593079276435  26.93715948118568  
-6.455038804657065  9.634325557910508  0.7716753688896769  
-6.755271274038492  6.860873505934936  2.4686087723578263  
-5.049056905834812  -0.8658100194123559  1.882852174922017  
4.57212773553662  3.0711604960736913  0.15108893136398766  
0.868840981824297  5.458594093059059  1.050449932277189  
0.49837432099865353  1.1141785874246768  1.1640262247579434  
-9.505845021156995  4.25346837926176  1.4560483828485336  
-5.1642511113617795  -8.706797172251557  1.4640836114788838  
-4.152627038307221  1.6345295129932307  2.493825910361332  
-9.130139333041036  2.2079972985514633  40.71009356150891  
9.983067371600281  -8.574539930136112  2.338577629824395  
-8.48728735490796  -1.327687870205093  6.50566059441626  
8.637709995029766  6.586761078808372  0.3173533937766726  
2.621048922947919  5.111121375158872  50.797076739950015  
6.019333540084769  -1.3365989686942257  0.9694805645662683  
-7.31688800650285  -9.234281004234184  0.04704966968465091  
-9.55783764893279  4.079393087591843  62.88412130249716  
-2.9230696004797014  -1.9651978042983593  1.4959319881722393  
-9.490656679388467  1.1074164984209922  1.3944430080889927  
0.10326801050903711  0.27966785090005786  1.1405210086993924  
7.5468911459933  6.341615024742506  1.0552286137262898  
-7.00364627706918  0.4216412909506886  2.2350073895780547  
-5.008015497540523  4.501693589255137  2.010257035827954  
-8.884478809588572  6.659871371035177  1.201840848993867  
-9.56126929255301  -9.603563147503847  0.537654711563233  
-1.4791206758012425  6.6376079643079215  0.09774351521447178  
-8.955474535241317  6.87477973911421  2.240922759994854  
-6.863854892386916  6.385091490588984  0.12845987024785122  
8.0001346502949  7.592548987622017  0.7010925135726076  
-9.298245452536005  5.367180893486957  0.2845092304921201  
0.7666224932355963  -1.576995293802991  0.39539060727591946  
-9.278612968570473  3.9638402940878095  0.7952053761269142  
-3.217752399158451  -3.6606925846747878  1.392180421106989  
-7.394982128703605  4.711613862571406  1.72321025998973  
7.342457290245719  9.597029278055352  40.67193471904764  
-4.788367040047654  -6.365788926957439  0.14688664983122962  
-4.643899069654795  8.044844982436377  1.8290718154499892  
-2.0052747605872545  -7.0096715443286595  0.0027150514444806984  
-4.319008583939632  -2.6084827483848994  1.0542235681721075  
6.953697818064072  1.766832544626853  1.7850415733279477  
-6.258065565009694  -3.7426924712159675  1.8820288695654708  
-6.405695985769118  5.245430284910826  66.04603556927032  
-6.865645500280404  -0.16206558795176562  1.8638904042554174  
0.10124007454060902  -0.029052426738282122  1.298823113283265  
7.916642323188714  -0.9907894645871007  1.410656994887582  
8.926028443784944  5.44934979582786  39.93882493816828  
0.29434848706950945  8.700470487182507  1.194931650746596  
-0.006697880654261468  -1.096383157858277  0.5900270706780525  
9.399344851314307  4.364929253658378  1.4077800535367722  
3.7286254336868296  -5.5843898166159045  0.12705793059082093  
1.8670847642960915  -9.624913091330745  1.0046056147873266  
3.1109741659434498  -7.217951780239426  66.48720894475764  
-0.08491662730326155  9.171305774788348  0.6999560565650196  
2.952997958146863  -6.587281902752404  1.2194974006045112  
7.6257420870149915  4.991689932874571  1.5960278548477345  
9.612187490081055  4.5990510763781  1.5842475806867904  
1.1366446113272328  1.011385408175986  1.9546335158683292  
9.33608116022646  -6.518819436384304  0.5212735881090702  
-6.558550065722757  -6.2805701334481245  0.24739785714421453  
-1.5553747668743316  2.041615699440296  0.9972850514883591  
9.504503282428718  -6.638722847402749  0.7439484311400552  
3.552818475335794  0.45364648445026035  1.3608500603815588  
-7.60770345756719  4.275120585843018  1.0228663564113096  
-4.963234477896319  -5.88738383117537  2.2168258312085842  
6.124895725877355  3.9501387076878363  1.4151620795031048  
1.946263589429309  5.678173459183382  1.0975719183064956  
5.950465642165586  4.63479112052527  2.0150432824011824  
1.567045432549076  -1.5443589867525915  0.8782130591828288  
-8.253984239209684  6.323287366664118  1.017738955895229  
1.8358083809107146  -7.555381114187787  1.0082166661869745  
5.247491318875264  -5.051644256552484  1.26914642524294  
-0.18884988450263052  9.382946432426749  1.256550433166523  
-3.187664705522753  4.60843455513389  3.4711301870544826  
4.4035363992126015  8.1141566824875  0.7926859075177306  
-7.582354549467447  7.657413443003307  0.13879031674762426  
-3.4325700801542496  -3.3934647857549605  1.0507139618583194  
-3.402948377093651  1.485047145240797  1.1848118274448578  
5.158699346853297  -8.048080221392626  1.4488371402885467  
-7.980557327165134  5.816169775095004  0.32341638936659645  
1.6604388045569571  4.672360899876001  0.1615047575893916  
1.4126579954180087  9.356831819852076  2.4959269063756655  
1.980319992238023  8.662765842219002  0.2664568997902536  
2.5352785178817516  9.615485713949028  24.43891589460017  
8.522600746229337  3.097657643911269  2.213941881976943  
-8.10036061916305  -5.272653489896784  0.982284302984928  
-9.262080423946594  -2.3698315210976677  1.690373926445263  
-2.0508152178723975  1.110049776491861  1.1605775714334456  
7.353997138487415  -2.788606167664547  0.07369600822644207  
9.393295968180272  5.778734882985972  0.5929612606578155  
-1.5096298417098382  7.858234945217131  0.3027134203703713  
9.40271449157542  -2.851324642562199  1.8209661047252355  
0.8602848689476872  9.697851097477454  1.6076641049735443  
-8.63131319763079  -6.8464138858461006  0.7311608578910531  
4.262872650952049  8.616847843515984  2.174291358217002  
-3.071048751194785  0.5077252122393752  1.1583878991677947  
-7.431264910018345  2.8433279848799753  1.9386839681992627  
1.9637023466296917  -6.060077222833931  1.5777748409987977  
-2.5979402086070147  5.789929158995488  0.8351500830082326  
1.2646419187557711  -0.7723418294827091  55.43151868336161  
-2.2776021013174574  -8.514029790761823  0.9443901472138574  
7.580260756175278  8.859308653530299  2.471586868341915  
3.5092218211081736  -6.073163973282791  1.6142341425177744  
5.740456676573288  4.152700911190447  58.54091530280313  
6.752392777024056  -3.3312762258828377  2.250209904978486  
7.563629800323458  2.6580840631380767  2.0961162964658233  
7.95166097945534  -6.003126225527988  0.5982066555876795  
-1.7506287978795125  -5.326350879357116  53.34113770965914  
-8.671676250870096  9.995413786668948  2.466500348978154  
9.959871303801414  -2.2982714339203874  1.7231027130378656  
6.95216751073708  6.846938907474829  1.9594065602873478  
3.293176832599041  2.6737871560798627  1.035296032048848  
2.986818808619258  -1.3100490955001405  52.79943160255572  
2.351414514740622  -9.22765626573  0.2626311234519557  
-3.7433755137867264  -7.637713478539803  2.4029465762757796  
-5.892885946074642  4.677936793897633  2.140276699478916  
-5.661803850774456  1.3586563249800143  18.96342788350546  
7.770750501744796  3.069265678641278  2.369897623462434  
7.379732649358527  4.330419909004345  1.482951229441261  
-5.137369328035755  -7.7953692582699325  1.1827292912162313  
-7.148747122648169  4.455720665190949  22.71388111402066  
-4.30774511839979  -6.587201757807941  0.8586156509793887  
1.4288634800032458  -8.991890339357083  1.5379362240436452  
2.9482668987946035  -9.67858953286262  2.3357755062714163  
-2.7838188760540117  9.451778702106314  52.37231475970179  
-1.8978663377780514  4.651074756510166  2.1710633571925415  
-9.493960267699698  -8.608467722993767  0.9953279888927752  
1.3286627346471906  -5.5967524021211705  1.7354903372117758  
6.285606638312448  0.7056165132945917  0.1613589362177234  
0.646494734033503  -6.729956257591718  1.1547708490514372  
-3.3119671333071636  -2.8104605321569753  2.2951238259714453  
-9.018308331171994  -4.9059058908241475  1.1296599537964962  
-9.406243430616916  4.038999246226464  0.21671225838183317  
-1.1424569273712457  -7.793422190385407  1.395848513821297  
-1.415404593711747  -9.49995095177567  0.6826929781525617  
