Customers 250 
Coordinate X		 Coordinate Y 		Demand 
-13.67218217648646  -12.812273704093297  0.5630335638137279  
8.31333414585233  2.219957326987764  0.5032460860191665  
-3.2970750999114173  9.89186060367311  0.9646372620031483  
-15.615764171274925  -7.8703581845643775  1.544678857260926  
-11.86450034384546  -2.0630530017273365  0.6712868802840302  
4.176103408057816  -16.831613318106132  1.5730365691460602  
15.63324401231661  6.667698592801813  15.650065889378489  
8.034291177874522  14.905545746039564  1.5668740469446378  
-9.620221419503544  19.009784018171885  1.9042371177860427  
17.047278473015766  6.0888187164450756  52.78002764060286  
-0.2782857747812173  -8.993481122954927  0.4809576679174868  
8.742968131970098  5.274927391750385  1.746530377617681  
-10.293010169219352  16.488853125410998  1.212214519471285  
3.8518733075919442  14.734228604497574  1.1703993392654892  
-0.29427105978563617  -8.340084514502749  2.4544819191659055  
18.668457883098156  -6.589500544170793  0.2098834148873549  
-11.355133111126463  10.37535349295386  1.4209252310063611  
-12.458135690714824  14.717148419657732  30.186570679134096  
-17.61220396784161  10.900724619563924  1.973313290883861  
10.027287861871137  4.9511024676458035  1.1233205119591305  
1.7902815842795121  4.927195849883393  1.1805631371872496  
7.229249314321624  18.105619323256114  64.89934905117929  
0.9639001379245684  -10.373218178911795  1.723994970159894  
1.8680032693679678  12.863277082373273  19.166995637426286  
15.278240566728527  13.528394103616222  0.35437505303730243  
6.600353516086432  -12.449613565545592  41.73384470346411  
8.633129215178258  -3.0040637977695113  0.7308255811655859  
-4.873900755297917  18.83408517229165  0.45029312591193277  
-0.46787347156730874  -1.9103019203717864  2.0966787292218476  
0.6113867642410753  -0.056651994609083545  0.03225541732517656  
15.48853646308693  -15.407691673943438  25.355667859582017  
-4.039799610038322  4.195182987955981  0.26700600429972215  
-4.704805393175331  -17.019523382589078  12.202763185180714  
-19.53475162977547  9.607248470551841  44.9092059409395  
8.689264725081443  5.1237985923681535  1.96232616743977  
-12.63050430085082  10.378144303066218  11.943830648732622  
12.943317113243793  3.4918525127750186  1.6536692092649767  
16.869587465765264  -8.983368834400828  1.87487284299001  
15.913913406112073  -4.349149400875589  1.6450882518059342  
-10.907580347599986  8.901029072690633  0.5283024395030913  
5.078974501407242  -11.168909799429585  2.0868543846035372  
-18.423895688733865  1.0500325362385752  12.646768143160557  
12.095156547072897  -14.653543335544445  1.3554388089212783  
-14.213419630449655  -19.113788984112222  1.6692655310111064  
12.406503602525596  -0.3527736569433273  1.3077363819852317  
-12.798888074428243  -19.22657113601349  0.9453521325634373  
9.435615930696354  -12.212579291546799  57.33494046278896  
-16.51005593822626  -13.89055465273605  1.2375650157499356  
-17.111411476075137  0.08795911915454369  1.7271205922062618  
5.327339261655087  -3.2450635970936617  1.2782817565390712  
-9.295025980266374  -2.2231337242148577  1.2606615803173347  
14.363268926752582  1.5801936447898548  1.3243784685247852  
4.184007026173504  -15.612221964837957  1.9935081489392634  
2.886990531361434  -18.08924609954603  1.0436702235039284  
-14.181648536651664  -7.302002850284808  1.8184273480762854  
-10.286219559242792  -10.346804576936353  18.645129884741323  
9.366621947901685  -2.01264696760191  0.8972860185499726  
16.82605024839684  -4.117633722103626  1.818137601729374  
-8.304083908854164  -1.6008921246809074  4.487308192258066E-4  
-18.69988960062546  15.671288498182989  1.4803142432854983  
15.925627513079135  -6.8158329034570855  0.4643703140124353  
-12.950162136137099  -15.055014073531918  0.33989255089501486  
-4.596236968073235  -0.3901590863590165  0.3474610141699938  
-9.081527413227146  -4.860513809146942  0.926828345641123  
-1.9529551416896673  19.314401607395112  1.989302479020179  
7.649820040964958  -18.552747221085312  35.335278062934776  
0.5760227437974272  -5.11130212262891  1.8032928876833592  
-11.729903766848384  10.43029259226747  1.6981843307370919  
12.176461117705763  7.466069362650593  1.2577988079546387  
16.411662985523506  2.782182129563978  18.354412912399233  
-2.881760427041961  16.101802761881977  1.1258925652211895  
-2.890088998111409  17.0202818207826  61.062998345683056  
-4.136970351300437  9.723403322330416  1.70875291055535  
-17.39546116061963  -10.110638306959077  1.3434389079077418  
14.191985972451647  12.432904356624839  2.3628068593436096  
9.676473075571476  -0.742084658635239  48.88434821382839  
19.884710239164427  -7.05751293323396  1.7856915497003008  
13.051684050536998  5.288394623370941  56.66841955503382  
-3.519267651570324  18.92464316885978  1.1411133773532192  
-10.596850075715762  -4.337383280680115  49.60260366002566  
13.654763302915569  7.0581427633728495  0.2276833121293409  
-3.5177929621840534  -9.356395711297608  9.845197623338645  
3.736965679399983  -10.448944856439667  0.021805932124633054  
-18.089447270711144  13.755093377492791  6.963273964612793  
-16.090503426512562  -12.077936768833206  0.5497006150248454  
6.164140679697109  -16.140024530325768  1.393066103870163  
-6.389438025147726  -5.178663680626769  1.1686330373341698  
-5.719783835920742  14.418907443098604  1.573680567029888  
-13.32274494253673  14.672199129883573  0.9624348063057588  
0.8187536344203039  15.710354333170628  60.9513097723111  
7.7584003543085736  3.9148520293562825  0.08138965472776677  
-17.390469400797713  -14.206698653372287  0.6271777372158236  
-7.47132816927223  1.6333926310267728  0.9815642282498632  
3.8161035040304014  -14.006105037489656  0.29182779290100797  
-18.76476426587731  -8.652608459436104  1.6436616905129227  
7.847923452590138  6.6972647617789605  38.18155394976674  
-14.891845058284732  4.749261445146825  28.08366360476545  
-19.348152958450594  19.22575751046574  0.0060285719713676356  
-4.8341826929701615  -11.831316072288821  2.2350240790649853  
19.914292367613456  -0.4151371460227047  1.8253986016544252  
-7.05336543846553  2.54533469546708  0.9084388005144104  
-5.294708393955343  -0.14194649523702907  2.2486458187510543  
-7.301742715205002  17.69115640545344  1.6576917275161813  
10.095683960367154  -6.96819472612669  0.06363438032519125  
-5.444440049842946  11.623437955647784  2.0082335034291123  
-18.72129276289732  -12.967955435448904  0.8535107913323331  
18.238650201983056  15.749940781722486  1.1276236751299595  
-8.27277024090507  -6.246731289176717  0.22967155574402792  
-3.1978612119105776  -3.312673442381598  0.1432308283479214  
-0.08212002280084008  8.861590653538297  64.83542832471969  
-0.03305870926532606  -4.505862729160519  1.0800801880638813  
-10.84667765157147  8.152967939955008  0.06945361628717339  
-13.43416533124147  -4.900427764126935  2.1239268067916117  
-14.986080146989927  16.24784518758598  0.3770690239989266  
15.634046608756961  -3.290677744640604  3.538392261803396  
14.970051089951419  -6.596517782646512  1.0344812915465327  
15.676107552427347  -4.030304342351453  1.199929174085379  
14.686316065083403  16.22520265920224  0.4110171219852579  
-18.359777165633716  -0.32869255277230636  0.8046303917868625  
15.548884604088194  -1.9421781758179009  2.271451385012335  
-0.8685852349898084  -6.226446518341744  0.4953975918889758  
-2.0527537595943812  4.83849669277193  2.0795009994023013  
-14.605315357579322  -16.468847465588368  0.1961104660388155  
4.841597331110712  -7.807744676658359  2.238849459497074  
6.599445421674488  -3.496028101244807  0.6339368340550646  
0.1471299130964283  -0.44855176749971193  1.7892799655865135  
0.9564735354438234  -10.768579713852876  1.1211743234158273  
6.466456562538291  7.080379945297146  1.7004953135929908  
-12.801374471867915  8.35263052882581  0.30294302894805364  
-13.298562739908757  -8.813638223092642  0.03120267153376849  
7.956581408195966  6.953692892264108  0.7008070985844874  
-15.924350024624069  4.398442553652949  1.8460415285598766  
-12.4391476656082  6.9231981640308575  1.00740323762018  
5.098746833323531  -4.604930638149813  1.9079324411311043  
13.801311858368088  -11.902675795383558  0.7121545429957854  
-19.996029939532086  14.961914468731543  1.2884254022928694  
3.1754945978299354  14.975720060370037  2.2631477159190463  
-14.809952181941286  -16.338864296882292  59.18698652768954  
-0.8430912523015266  1.789454404683248  1.5952517477019978  
2.1987450141539036  6.993311506482684  0.6882737674560485  
3.0146328275581595  6.702248134896898  0.9795559594872433  
17.759301420517616  -6.166702621514988  0.9655624828056377  
6.715416548747971  -4.073730486028477  1.2742059936550167  
-0.5689800324704919  -16.078733912743036  1.2552610849373225  
-12.560441118401645  -11.466272520370854  1.2817153954405174  
11.375244397465728  0.1901643614333004  1.6877331568029443  
-6.758195038134524  -17.25448978243165  0.0428315501912932  
-15.21201174471198  11.710852904559857  0.8764204959749164  
19.388512565122618  -5.52186825842632  1.0220331491328718  
-12.475551861186718  3.0361669192116807  1.9463739562117588  
-15.09766335730539  -11.06977148927347  9.436147442049153  
7.446673618213065  -4.274842873072892  1.6214082241109562  
8.845682945918249  15.989849455028981  34.760095413750946  
-5.974377127586671  -2.171247654410781  1.6374589563461937  
-4.125813913151255  -9.756195016517566  2.1378741927729408  
-7.271136362654662  -12.881900859987185  2.3747208613108524  
-9.408551540942733  6.37031387558423  2.259215187232824  
16.725175037684934  3.8368306342275638  1.7261437536809567  
10.236308181638158  10.69620081528537  1.7735182799380642  
-9.56271305075715  -1.2414946019224793  0.3448660411626786  
-4.766129596091627  19.699893899185376  0.35434418312777854  
-10.525983662054763  12.330475947208306  0.03816265331113233  
7.141559703104864  6.241473983937823  0.3397301529220864  
11.47304944151912  -9.31456835663607  0.20048603349525657  
13.521440131514652  -15.698976285473648  26.95918909513063  
2.3856164248234855  -5.6981313204694  0.30317867538518034  
9.270063923598713  -6.993468027313355  0.519250372278649  
-7.265687558664521  5.094734619058329  2.0834343908001043  
-6.062927528243666  10.732589964228527  2.290897957384676  
8.375312029755541  -12.282501912864836  0.7000872932072864  
14.563835317218448  0.051148691625027  1.5318545019808067  
-9.7037725000144  -9.143104445906722  2.2488061493714464  
13.573346890414825  14.315567176088535  0.9959194342406195  
7.980863899885421  4.301604318805584  0.6542725432780947  
-8.757354412345272  -13.340780314615195  1.4711605231618994  
-19.127885041426573  17.566089757350163  0.08192056070944281  
2.2890050188114266  -7.810100025721747  0.231464151543318  
12.464260644304211  15.850879223456673  2.1368166807402758  
-3.898857954705683  -15.838725597417804  0.7058891273656129  
11.555898513736874  19.12051215602814  0.2422574521472856  
0.14669412520794367  14.902640117124022  2.3209027338144703  
5.194779921439185  0.08041371385753138  1.7156632125908577  
-3.9127813683912684  2.2882327120182993  0.09557716870200322  
-2.1542158394885504  6.833946559227218  1.1843463785118375  
8.13195980622464  -7.472668493069033  1.6948238255517853  
1.3132905763157545  -13.999109803326641  2.1087321724467865  
13.161634524432408  0.056419076679507185  0.27074451705335123  
-10.050807248946239  12.078590865697649  1.3056092167436204  
12.153490580484544  -4.685358318263653  2.0471770372717755  
-14.322189669169658  -1.1729617517575264  1.9889896671469258  
12.438882410293168  -18.816182005739577  0.7275135113924371  
7.368943487015947  18.459125400757067  1.4711553652858333  
0.32461408646089396  -11.125748588102491  1.4308695440594765  
-10.909682463082074  4.4173246278360345  0.291469553148572  
-6.390690893996203  -5.96241171242041  2.4866821121738694  
-18.229317316870322  -16.481958630300937  0.16553083346755454  
-6.473961373959964  3.887985414190858  42.92175629873046  
2.804798813197678  -6.7550982317185735  1.2722489377255735  
-14.357517132926407  16.11281866151777  0.5672496165849272  
-11.868431767187335  9.972204691765644  0.021419563126943708  
-10.750150707480355  0.3541987865597491  2.4484373075863113  
-8.68343733455768  -16.100190918491812  1.5693763315016116  
4.771816025613326  -16.957462062476196  0.02439603561655984  
-15.829803039201016  6.48068710316856  1.9752987519873377  
-1.2752511517240173  6.3634117129306205  1.4956244187878025  
-16.567206837149374  6.122415456110616  0.5157533277618573  
-4.239571645404286  -17.861021524427926  1.8019142575113127  
-1.9422075538365462  17.943831448581577  0.800046632790764  
-2.677443832901247  -8.59480547573989  0.16813886553418866  
-18.37564053464593  3.3681205302973964  66.79398214311027  
16.448271722073734  -9.533917051195019  2.1490953514907707  
-15.589368439955287  5.333578281217164  0.7645037326437043  
8.245947638055586  14.206301625696867  0.12847888065375096  
-10.341133997226937  -5.096702247095578  2.3030870523133644  
5.580496663847359  17.44326430562704  1.8520672166534735  
8.563726705390753  15.055034996024396  0.16998707240801825  
19.49745255774544  -14.899942431886387  2.2001935542239313  
18.514968041750507  -2.567504376251936  18.937581294853103  
-6.082929290654992  -8.019584955051503  42.575153163930864  
19.125761076517925  -2.160698496900359  1.0137576227866965  
-5.870303151500265  -17.073010994478256  2.03965116262053  
10.57792015593109  6.256882510181072  1.9570638549156585  
18.623651738975198  14.14417027492695  1.7432810376329368  
-11.184734088375944  17.167539626311438  0.02944084946638642  
-6.223104599445701  -13.53328703081873  1.2472602932570698  
-17.883611108174975  15.963943086477997  0.11086046029839397  
0.9437005777175713  -8.644588259791735  1.6723527333692072  
3.578054937440225  -12.773703342047682  2.354400440448941  
-4.532400107273586  0.40107102759329294  0.1681445286988184  
4.040506086521361  -19.35156913360142  1.770683441658061  
7.15185517669504  -0.8819654266377768  0.1027233079543527  
-0.014095020838219341  0.3940762148834942  1.5740648989223238  
-18.281310723401724  -4.191489773555297  1.1322697402024648  
0.9411756522496333  13.66455745741954  2.0581485981034175  
-7.211451796689609  -13.721050349600592  67.49280219762962  
10.916486609960568  -15.740836153247031  65.20203954820651  
3.9106181233912665  5.189723027457198  25.66145539657012  
-11.589368258372792  6.909447444887448  0.8630888931481318  
10.175876086574434  4.819350458622171  9.855347829490736  
19.514549310426766  -11.83130422661863  2.1841798110622426  
-1.0560953458855664  -7.975470741183015  0.9512562310787334  
8.644243823243983  9.63783059388647  33.259171211137044  
19.214720411695374  -15.822782643303812  1.4385404184061672  
1.4343471308487423  -0.691017625778791  0.16209676088877134  
19.176881400775358  -5.139988299909222  2.203753263797819  
-15.676425073927831  -13.192009855715963  0.6605236387545408  
1.4631106370700024  -9.898919613408403  0.5974299945132816  
15.363328400165614  -11.682919828598127  0.43697701296465497  
15.644685550865233  5.9298984470940255  2.351189879161517  
-9.21931260974015  16.958963324652544  0.25767204529198506  
