Customers 250 
Coordinate X		 Coordinate Y 		Demand 
4.689228933806572  2.566099275248215  0.10378878505684336  
-6.813380556541779  -8.196684970159806  1.8472778686866342  
-5.466018499074914  -7.924727188746797  1.5067060852344307  
-2.0831648063985924  -6.466722088631858  1.3214369031484152  
-1.1237643761367444  7.854526856803435  1.504366985583974  
0.5187991174647166  -8.291392172009498  2.309527728262091  
3.5297700813047417  -9.665431451039996  1.8394066607168171  
7.013671279787154  -3.382652178140919  1.7267694246919834  
-6.309029783782223  -1.0374795191019466  0.25984554505159824  
7.608120889073717  -2.696539582984694  2.219447770701009  
-9.727768679079388  0.7351881394925037  1.6619271365633324  
2.000512402099158  2.554318126492909  0.612822219972726  
-0.7214145657386162  -1.105317694992669  0.6326447259469586  
6.050616914717679  -4.316637297325217  0.47844801642841883  
7.118157255072855  -4.697981966648383  1.6126600727312375  
5.203476932133713  9.123551808387887  1.6041169937723445  
-0.2629134589700115  5.004318174359103  1.025316835674686  
5.058041957458583  9.847225271770967  62.09503575981022  
8.469538641313179  6.511246473821494  1.342452207387823  
-5.52879268695505  -8.37198995056623  0.8965322371457635  
-9.50657302785155  -3.7037081947670796  7.287000733724835  
1.5878791468534548  -4.839608260394199  1.6252309888698413  
-3.2175257009660774  1.0385331983358714  0.6630571572837646  
8.187685968402938  2.052577879269359  1.7773380894660242  
5.445234995596035  6.120507359437493  2.3492096016843775  
-7.261029455593704  -6.2917237523850345  1.9368011031772876  
3.3417079741054874  3.897803731226656  0.2756663433891726  
-2.4493218226934204  -8.886984951058373  0.28780950489429524  
3.8681605204454623  -9.743984209393497  0.13105912569867817  
0.4127714715251667  -3.4593725477180186  24.318101738795324  
-6.199210400681794  2.970667522796651  0.8295179741542755  
-3.8842018095390207  3.1955292980257806  0.7784167733259697  
7.088848760097978  0.38574689946374185  1.3137572106821929  
-1.7597700589111316  3.8064134919029424  0.49863856797550593  
8.487860205570662  3.92646336198351  1.5605841795269935  
-3.393795303304614  -5.813020385201508  0.10659520257864818  
-5.076459398997071  -7.038136031186331  0.8845344422552742  
-9.225707466272189  -7.220661786996915  62.627872878939236  
7.477065103164399  5.532925357092422  61.7208114360709  
4.98791416602762  2.1956983135933683  1.7270920805504022  
-8.117705836567842  3.4617476837800076  2.009907588007017  
-5.051967006471296  3.7739759904182275  1.8875308887397129  
-9.57441196836399  5.357480362445131  63.40421250438573  
1.8107468214245088  1.162942509163134  0.9248923515850876  
-6.861165442145043  -3.965399752416017  2.2183118546196567  
-6.201591539453732  -6.047463981111292  32.51147060981933  
1.1763138777188828  5.859165675074454  0.6324181400270326  
0.8148919772249101  7.364969772642116  2.4407218335782583  
0.26602721755365444  -1.4613218134758892  1.0378116962185622  
-7.544361577261163  9.022249668666504  0.5567424706086974  
7.126113255911971  -9.128828975222216  2.6353914394946902  
-5.19689965618247  8.805738118120594  1.7391291120372274  
-3.263023255369224  -7.030851073225639  0.3388893357575079  
6.3982107086645215  2.8233822462400795  0.9112360187344717  
3.359755061131775  2.4740103709592276  2.4955199964143997  
-1.221496850438097  7.500230766865926  33.13160810216195  
-6.80825036971997  -8.723429006010965  1.1323117258708364  
-8.026490992491688  -5.192128008602436  0.501516432435733  
-8.450557923935722  8.25931471457529  1.7566557182596896  
0.3480525665229006  4.648406732271662  61.909076775049286  
-7.530275127365343  6.576001859027926  17.488373764413765  
9.184071304171727  -4.591408010708504  1.591074692472497  
3.619971272344575  8.984250544544057  1.2414868370819276  
7.391589847518109  -1.3002250096394885  0.4545471128217038  
4.407565190624162  9.746728214395336  0.4134294073575459  
6.73946596739145  9.29923872279548  2.4001881805684544  
0.17952163678485356  -3.3834353363240695  54.42758327501508  
2.996538045234164  6.308596259154676  0.872439274391811  
0.4028176255245146  1.4226235987761022  0.6759769803851501  
-0.6262006510330451  6.544843539862395  0.8593534788792976  
-6.283936288802183  -7.229748629187576  1.1984908642919492  
-2.341780239553035  -3.820292232446443  1.61632000459321  
-2.2568643674135913  9.373128750308727  2.2618542575649148  
7.428845208342285  -8.357088940802242  1.380298321389706  
6.559396657268465  -2.4681498051883572  0.4893444101955752  
8.745797684171478  5.804972652846612  0.6077641557399458  
3.701129368264091  1.2748590099322996  2.2789881485066448  
8.702798197716188  0.4551819810507425  0.8945706669557787  
-6.391191176839346  -1.3226402737458915  2.3502694101118666  
-2.766156254805874  -8.909643777964511  2.3609283873060187  
9.394837467522255  2.8738344534705202  23.969113122922558  
-7.43534486702909  -4.969979547865446  0.4097063654825764  
-0.1736347608744424  -8.720213826679581  1.2740792725048997  
-8.30046924648846  -1.1263755423944914  0.8912580052702403  
3.413827314766726  -8.461662032140822  0.4427782046203324  
6.334219431059658  6.315426729734156  0.8329749515754914  
2.4958162306591465  -2.2926910905410924  20.325520703496387  
9.585450264966088  -7.667328824754216  0.016771565719118087  
-4.7890823010771255  -4.79760453993573  57.903883618602215  
3.9277309490269463  -5.2373244079637775  49.992833908447615  
8.247135642870546  -1.987922533030309  1.925268045496268  
5.728054133880695  -0.715533170027765  2.3019238946335547  
-1.7404721240247323  6.699882520027501  1.3502797906943247  
6.7691213736733715  -1.1794223365393144  2.3471787418375727  
-5.153318625507673  0.7096267144716055  1.6413554787121385  
-1.8482765210166914  -6.625364323823987  0.39404705819809205  
2.9766505057711594  3.489257388627511  0.8131375997696078  
6.96689322471396  1.3203691684234737  52.571517474313474  
7.752981648799782  3.948925268424869  1.1575410905863006  
1.1284589531448646  -1.8423472120645368  54.96208352739791  
9.411451592331666  2.7689135251343533  0.6186775139596492  
2.7566247066041623  3.751221321845428  24.764004934593906  
1.4381453823114363  -2.926959401579472  1.749108547341336  
-4.496800679523418  4.067671817439331  2.2696137676979817  
9.699493106333893  1.983166824329981  4.940057359141966  
-3.7908991439315853  -1.5736176795824708  1.2904705528642264  
-4.525100517508529  -7.429565315683413  54.056445670131964  
6.28476372142655  8.279974103789584  2.2861710026276487  
-9.717418282968938  -5.281143825365744  2.2373959747022667  
3.2040675580641356  8.539936288403268  2.3219316210190506  
-4.610750948859515  -1.583116778324893  23.512500503175946  
-2.4975804369733723  7.463044645613564  2.496855385576791  
3.894242590529398  -8.007421334103011  2.1459878638948577  
5.669610963378597  6.11419363210446  20.604262101715452  
8.278763920741707  0.8080188225350469  13.424660041052904  
-5.671926200884611  -6.578728489781625  61.45616605203219  
1.3108181054101014  -1.071454411223904  0.6310880268857308  
-3.91283635103685  -2.1622986709035796  0.767042924492109  
3.1964901826581134  7.282500446695064  2.2251791641122947  
2.464091027804308  1.6282712124848775  1.7405435812048013  
-7.131808961338358  -3.1729382411007396  1.8016555830037584  
4.262132603621637  8.793882837987269  0.023874058602197934  
6.300485068052769  0.2358071263553274  0.03671464170709765  
-5.203263828987115  2.650839318443257  0.09216461666710751  
9.744134457096504  0.6236345733084399  0.8476233461102983  
-3.639843361354817  -5.919700566937323  1.2893045465900996  
0.7689792048458699  -9.175342972800413  1.5397673845816617  
-4.684759903054934  6.463524634402461  0.8367013126458206  
-4.993716901154041  1.7387040075021094  22.914280587435968  
-3.791016164338197  8.318538179222518  0.5122359474777621  
1.4811631214646503  3.262050504813029  1.8611891291179474  
-9.703504512924106  9.653830706923735  1.0326186024271908  
-5.574265261405202  6.317999066504846  1.8710763363330105  
-1.1340215805675786  3.054725802151342  1.297346114945523  
-5.536403939764778  -0.4970588202505688  0.4571345908532537  
-3.2446306124082653  -4.481959091651966  0.2774661466516559  
-2.9437284472220293  -1.1364791610240825  0.06214426318474464  
6.451248561931365  2.0506632383162504  2.4573501824819237  
-8.897754107898594  -5.679472270321389  0.0837797544924182  
-1.8393495243109044  -2.9523333391575957  0.8626784730045212  
-4.4207900215989575  1.255145150811094  0.5597146792003518  
-3.7535966866499715  4.465592636709527  2.3328403838125076  
7.120146274590692  -9.22682629981681  1.5981183705562632  
-2.583386393626526  -7.193474197488845  0.32095351346400874  
-3.5861261499219665  -2.8371404296127523  0.3992476713319157  
-8.941068641545284  5.928581762163205  1.1297036096469595  
-3.6793147908695794  6.061951906937548  0.8388366772927358  
-2.889787780417363  5.698439621677668  0.11620966949184158  
9.593693050460828  -8.150385947164304  1.208987557418007  
1.8522062176586136  7.501537572152934  0.02411683112975266  
9.096515908005902  -2.2211882098586866  1.3372660684539726  
-2.9761033295165724  -5.3744390726993485  1.7261200081824977  
8.40792752504856  -2.635192871948746  0.929704273108311  
-7.358884640389476  2.532844943777592  23.07018105856723  
5.70409220613459  0.5453761287066055  1.608413986336061  
-1.085943752232124  9.037321383607459  1.3672256569072496  
8.809015618295632  -6.871611292037729  0.7395138129280376  
-2.3466833474326094  -8.598372578329151  2.164774706103148  
-5.6961695451926575  3.0423568323978856  22.728315114174237  
8.555087115122827  -3.629990715184559  57.85081567377853  
-1.4144522259002699  -8.094405436765573  0.9337759187163269  
0.7561169391442384  -5.847362413563195  1.8058803230595297  
3.7658947681528527  -4.570398714181499  1.2540080884740044  
5.049082748605976  -7.623031915813532  2.1522508297501255  
6.300864557588508  1.1723006974910088  2.010070449675412  
7.148977353801477  -8.978233834237885  2.417296346871942  
1.241608453545906  -2.8432407395340746  2.317221287225767  
7.401154171497343  4.34942238293724  14.177388820561564  
-0.002717574528009692  9.87100551666504  2.208251670346025  
-2.678356554081378  0.8521834482612434  0.9668217011494415  
4.500491178924641  -4.835420217412761  0.6732958085621421  
8.360370598894594  -2.77207264430821  1.0176839484109288  
5.665939049322093  -9.442563633783776  9.19621332868056  
-6.722100934626878  7.4011000360446175  2.141660581993942  
-0.9670806561806327  2.476826482940764  1.9238171155168506  
5.526326005481847  -7.395554662233462  2.146005596757887  
-4.517730632349862  6.937780883247516  2.0669360208882748  
7.024948033937875  3.537153343508983  2.326465071790866  
9.918410995197505  7.182824392474043  1.5818726850072726  
-0.278665850330583  -9.384955343095324  1.6921614358826083  
-4.192896126879557  -3.2034572835134822  6.432680673351084  
1.3284174930212735  3.328424163686739  0.34895591772651974  
-1.5404609865851189  1.810627306070531  52.89910192363961  
-9.371756737580663  4.723225030796609  63.40168313619695  
4.953391668097453  0.31502474337548847  1.9661372337198353  
-7.267012452890205  -7.9789302579024675  1.243121270141235  
-6.4185338392258595  3.0908127179107474  0.9199914981453167  
-0.3061202115117556  -0.6061312146715565  0.3839205347736249  
-9.28145066839236  3.7804333767707394  0.9948161870985017  
6.848648245994408  3.908589898391048  1.779993846379556  
7.997106314026944  -7.889100290912099  1.9983300980949392  
-9.701883439272363  0.6578144662914038  2.1422716876819594  
-2.3175648493186163  8.68561156084354  1.7551556172958507  
-4.097423097764967  -1.908287066252452  1.516005719200065  
9.13791113576196  4.860394406838006  0.8843001001272877  
-4.811437423779095  9.56705895402829  1.20316280891033  
-5.729054413169063  -3.780604461200589  0.03101408651361076  
8.55664513159461  2.128909519674785  0.608922014969995  
-5.149720050495583  3.166456905908321  0.7737279193979594  
1.1808831659421983  8.540579885378296  0.7954777712131869  
9.585242769349613  -2.8524065447352154  56.256417493151915  
1.9905471227808835  -6.422470945228325  19.565416881877578  
3.857596841840767  -3.9798030463668077  2.0845802971997687  
1.1247408721824055  -9.399210739232089  2.209417132711923  
9.996598859329048  -2.915404222880909  1.3780873741056858  
6.250554649925569  9.425563108818707  2.271837775718656  
-9.012107541628929  1.2935919912179035  0.5390110607098184  
3.1353631432182727  1.500606762553705  0.6251264529538105  
5.50687263259058  7.1556036746923155  2.242734621606499  
-9.136100427141063  -6.585966280979145  0.7535239439015042  
-2.8328711456386646  -2.1529681274326773  2.325485511952821  
7.090734014004106  4.741158596069949  2.0839032486721845  
-4.125392596316959  -9.950513460801037  0.5965151450104211  
3.718773841401827  -8.74999510072467  0.9204011870667267  
4.178110231316454  -1.97251346463095  0.09098339592969212  
-1.605586203800474  -0.5198938252822423  0.3519814902872251  
6.5067540162372985  -8.537735386905156  1.6092505000964907  
-7.7900358599895325  3.710221087754439  0.041131191454400196  
4.185020900578266  -9.44269875620899  1.013279497962396  
9.003978283871394  1.3305928771784288  2.4268948498666933  
4.116019644735582  6.931212710043251  2.37585238759278  
-3.3498959635612913  7.635369701582917  4.4847104031603413E-4  
-5.9764147414577184  3.813615081456751  0.7033030437214791  
-4.27491134925914  -3.9491784572619952  1.4364174153214635  
2.143842258684005  -5.940405885801239  30.729723987335436  
5.946555406335044  -5.185031754355432  2.488140324748022  
4.2568537968066416  -0.5015959641970014  1.6875744304466296  
5.771182949267127  -3.8757469810317406  0.6800830443022985  
5.948987917967628  0.13201646317008198  1.3477184489606242  
5.543910640112514  -1.2371220873307927  27.536855765911273  
-7.003384703735113  6.699151803063238  0.22072083535573522  
-0.41120765918814683  -9.76956663864366  0.06328263136625517  
7.76177641281771  -4.879588150163943  0.5939789828321949  
7.632126807962397  -0.6165582625511128  0.5899889820404725  
-5.5095688181709646  6.340141906378072  0.17806922975277195  
0.9484860801976716  -4.39355761668593  1.173939456050791  
1.4039267547293033  0.0806451663284129  1.023785286274145  
-6.379723863207587  -4.471755824060386  0.05589960765107427  
-7.525701852740965  -3.9756221674450964  0.2783183448299953  
4.30143676099895  3.298968175926877  2.2517628539994337  
6.774034290246476  0.9397445807051046  2.1262824268555707  
-1.1240709586447917  -4.556496416857363  1.2546993140553968  
8.290933536668987  5.266125972070421  0.8862878569044474  
9.401612825110565  6.307010130639753  1.800079633719021  
-5.901332334302126  -2.326242724441836  0.8587656528627213  
9.730157341603224  -4.891918950523586  0.8513758455157472  
-6.226312493976376  -8.885914316347204  1.6457464870958671  
-6.806403004509809  0.6152013751719352  2.090244151664638  
-2.0509085456645497  -1.123767614293051  0.7882971376186643  
2.748165563885488  -5.53788054628088  2.3189909151492833  
