Customers 250 
Coordinate X		 Coordinate Y 		Demand 
4.655188158391905  6.9929699851434215  2.2620906039995687  
-6.133343816568062  7.504853681795478  2.2109110488654524  
0.3786919312802066  -9.508201195667583  1.891198364671318  
-6.050119868332522  -2.8334347188888787  2.1087657345409094  
9.929004450016862  9.862722090037664  1.2682608487231781  
8.124375178979875  -7.453317307173865  2.3337250762566626  
-4.329018244522695  5.524864243261106  2.487347329643599  
-4.585370311122956  2.9207862688306108  1.1883936102177748  
6.039261126284476  5.735234861755551  0.715640428376815  
-9.50431320804065  -1.8341311785068477  1.7361125889760667  
5.24698663855917  0.35095387552529544  2.4805248943281635  
4.427871708590686  6.815166223786491  1.2215477437487545  
0.22232403385133281  6.633714492800763  14.15549893476811  
-6.404129173218502  -1.3057160497619424  2.3749749280244803  
7.975879004598941  3.4246080589250703  1.8677448736593143  
2.5552750427556212  -9.033252874336702  44.6827535585751  
-8.3978484415932  -4.982569167229  30.61024421044633  
-8.510277702079705  1.4171044053544595  2.2496800754776864  
-1.8818527239855563  -8.941389954840204  1.872222443662597  
3.9817606113963144  -2.200302690559825  1.5402076271161838  
-3.657726793137728  -6.198142826040327  42.22829058225374  
-4.199443441950297  -2.9187634890405745  0.8379300590773453  
-1.9833618259561945  9.045690121672155  0.8699646081850054  
-9.590426677597542  -6.594704342716032  1.4784632514246616  
-9.62410806192425  2.0819380416370983  1.1337669787357831  
-8.10265389041557  -1.3931395008575258  1.9632690198024003  
-6.634281926109433  4.983355448491626  0.5605004950719781  
-8.965522893447114  4.105043757868877  0.22326081743977017  
-0.28588841678384824  6.558480369651139  8.717915390664452  
5.159977923753441  -1.9978930676047426  0.34423162577130906  
1.0585651864556453  1.3018430568800436  1.1317526552576374  
-2.3999217168181435  -3.7831003743766694  1.2638704568460457  
8.332288908732647  -1.3323288094087982  0.22343296515711375  
7.322637376682259  -8.519147921734714  0.5751322236305795  
-0.38741443688958377  -1.004800860976916  1.6690490108656841  
4.530268762825811  9.024639387403429  2.1957270847289525  
-6.365487740920123  7.4137175191788245  2.07259150907809  
-7.10468283664361  2.783642816058144  2.2884948205618656  
-7.827049907709753  2.055483287663158  2.0582750239125724  
4.139800560744714  -9.049659172883162  0.9424301053842512  
-0.5037963500447695  -2.0953857596622942  1.968363121144889  
-4.336548065476129  -5.298258014120176  0.24912335674053376  
-7.905737528313493  -7.389901867291469  0.13316718457359433  
6.922979849400662  8.929996387889375  0.03438446097334541  
-3.115155240916936  5.591035084560026  0.2854853223457468  
-4.734324472706883  -1.195696432249207  0.6298128829185987  
1.1003478742358208  6.762243033714231  0.31674634752221376  
-3.079510360397917  0.9922456479962438  0.19408188681106053  
2.0588329240218712  -3.791651074256828  0.1971247577975474  
3.8497060048325054  -6.631331100893352  2.218700991206223  
-9.977831880640576  1.1344925732926914  0.006892350579409123  
-7.835665615209059  2.040238148405633  1.9780229507058622  
2.344455077053894  1.421763040624672  2.1512719326812224  
2.8063526937187824  -0.4862090657688718  1.3082605980124202  
-7.886138289675073  0.11550208662843886  2.4560589284710987  
0.2009141080652359  -7.163383113820123  1.7252796714615375  
-0.5090083129022673  0.1745878163856318  0.46627632710426553  
-0.4183459893805548  5.536781628238284  1.515932421390782  
-1.053091113257965  -6.190164988309707  2.3951290520788087  
-1.307783123934163  2.1916297753031557  0.562698660660991  
0.6039457912607418  -4.2603715801476465  0.7955224300574532  
-5.432869865933412  9.452583488685125  2.286398810544407  
8.882422139227117  -3.3090815323595413  0.6514115313738977  
-8.904855926145958  -7.645635544424185  0.21674521614053616  
6.65639309271771  -1.5262970187386884  2.211246226804486  
8.068172426029186  9.736768424058528  2.3254976795177824  
-1.8784400489375699  -3.0428784519891394  1.5107775968101937  
7.418952834560596  -2.392891017227379  1.8819876034701735  
8.57846072450802  4.275283567297123  0.15749230734260988  
-2.649450513283793  -5.728537451968032  47.45337720182827  
4.334068982256374  6.590960053936989  1.5739385208827652  
0.060830972002197115  6.062837058960547  1.8962222891243652  
0.9249294638448564  -1.2547384174686584  42.381947229567885  
-6.234959279541812  -2.505610064053738  1.463693448797013  
-7.135052903587342  2.121425134251883  1.3568634416625214  
4.719590260162363  -5.3341820480123925  0.47223962242911616  
3.1209625261803904  -2.9491595695174055  17.65670975325716  
9.95019666760928  -4.248951106428953  1.7284413313088396  
-4.480765468022745  6.0894362794750805  0.8853384500143711  
-3.612509870522775  7.395352743270539  61.08923243687193  
-1.7140442763796155  9.49255200703109  2.044978051008174  
7.113221185086509  -9.149991927840064  2.482436725093164  
-8.075072593589624  -0.783576710943489  0.5336656552737864  
-9.579817905828527  6.672634370683898  63.35820205002192  
-0.36448341271944074  2.774398963338358  0.015307892188956562  
-7.6110187130008615  -8.178669672585158  0.3534308936054978  
3.474020854852373  -6.723972771902719  0.857503253836607  
-1.3152177877865832  7.970731615562173  49.052637074667565  
-5.538432761821759  6.977119609028463  1.506857065955696  
-3.7228584838757017  4.878119702999431  0.3982690839541872  
9.841670329389515  -5.331067854535203  0.17084606049498768  
-9.213933637517203  7.627702249221368  28.999320145921534  
-4.309429440375552  -1.7654190309397606  0.8784971894595537  
0.1574197169850109  1.5811949658688533  1.5582891014557894  
-1.9165156790469524  8.70081756952412  1.1171468936749736  
-9.629207339511991  -6.137174644777977  0.07331888763026234  
-8.980115709523584  7.11329477888421  1.367546304349375  
3.8829750883782808  -4.793113435828172  56.114642431774506  
-5.689061181903221  -5.436562109038303  2.484578125396996  
-3.489853308703905  -9.004035996755421  1.9642111081345979  
-0.3677633682487702  2.695058951081551  67.89128815738218  
3.451913465180464  -4.682038968961333  0.9155639547362369  
7.944916333873849  1.0188266955505298  0.015434494919928654  
0.16031417903538525  6.870049482891979  0.2691024401549433  
6.488330966192777  2.362725556566371  2.0950078189048735  
8.756923389486598  -9.462333275220898  2.05951263908622  
-1.452628264013189  -7.2133741021549  2.4596758263377443  
5.70117587756442  -6.523308879266958  2.341176429180564  
4.197572389223039  -2.7109098950550408  1.7007297386802116  
-8.58696641664788  9.526909101128602  1.8943124700675684  
-4.768877056939922  -2.365460473205479  1.6226110843655353  
7.553128705620658  -9.215086382262438  1.7933304973097375  
-7.533081117501672  3.628909425600874  1.566347079857883  
-7.336503259479827  -9.835453572165164  1.972164059920169  
-1.3522357481393747  4.171913206355134  0.15672252034264922  
-8.127965830469716  3.773015499603769  1.546347807966991  
5.127861749430487  9.414043828169245  1.5454537510601654  
1.3637994881229272  6.930813541176491  0.2766049618129121  
-4.446292191103529  0.34643798999807984  0.8476306721374547  
-6.677712930066733  2.6635553855007856  1.1837099332992154  
-5.258474671105011  7.151723095365359  1.5936920685336498  
-7.956205206933433  6.493869919124172  2.449392717624492  
-4.045651392966933  2.643979592193128  1.1441999758098604  
-3.071986715791086  -3.6385385441339686  64.41191019914604  
4.781896864973659  2.1259373512488793  0.6396788390003927  
-6.95203826951685  1.4994722201549422  1.6990284755724518  
2.8263531561391773  5.991532867857119  1.6827849331522382  
-4.997608888827861  9.095267844547866  1.0342467951775243  
-0.6028228549995518  6.401955040097832  0.07507182143618785  
-5.24621140906415  -7.436227967221381  1.1409208982936947  
4.418076149098953  4.363300198662547  0.05561711450552148  
9.155096625075377  -9.738525173950274  0.2141589834664273  
0.7492592074792306  8.533963694555627  0.6137768471727212  
7.868282455621372  8.46923928281063  2.319191236819687  
-0.871900390239361  -7.91010517071244  1.0733323449246768  
7.3778755721134885  7.472033244910431  56.68161023364538  
3.931330500513692  8.975836324271775  1.2702956169500632  
1.8026021103257701  -5.436290638759516  1.160118545991515  
2.9618982481121403  -4.129326823079122  2.2716390608954757  
6.208239276234295  -7.195043385512109  0.5473557334853938  
-0.5363992740765777  -8.804976127928937  1.7072141935459506  
-6.8751828706458  -0.6374437921299592  0.10722602851673174  
9.566629681578966  7.4891852361739915  0.9121268504006406  
7.971287087452122  -7.741945522353224  0.834836900583176  
-6.6328471641511015  -1.510428795546142  1.701831910585085  
-5.909207913646584  9.353990307640274  0.18800737145444446  
-7.155951818659927  7.231755745387623  1.2272159027669725  
3.099651349350829  8.405793734872777  1.8453801576929751  
-5.184075814608957  6.508258573578452  41.32659159544074  
-8.746804853031122  2.0074823447046075  1.7622943603538035  
2.1415474570911925  8.009187024624143  19.77227080101498  
7.531568909089859  6.259284214523106  0.534183523161381  
1.3668042812286956  1.4738689977603094  1.6806869815109993  
4.148631490371352  6.985308490935324  0.20226474659105598  
0.021321602408013618  -9.81840921308507  1.3437118336926337  
5.187077530785567  -7.670611365775148  1.7612851133897047  
-8.232133439427379  -5.890421270732449  1.6607195350110522  
-5.937097695288949  5.557226716594517  0.2540905355432277  
-7.392340451094754  -2.913661955085047  0.5866246305245088  
5.522338255349117  -3.1070417054742645  2.4627822165176676  
-3.6552820418096843  -0.7315239751808562  2.4572839981873402  
-7.125611388558777  -1.7817288408405414  0.33122757104165623  
2.5123573829722883  1.2691415670910473  1.586033746014098  
6.162079683467432  9.462193163692717  1.3786903305956544  
-5.03502166855781  -8.733801466969016  0.5906036450709873  
1.9755600675228777  -9.490320995571347  0.4893451308802199  
-5.661741491136483  -8.581740888473607  0.6476741570795828  
-9.389829112750295  -2.542873795353147  0.5874436749881085  
-7.419118154286297  4.916704945029139  41.7303647966826  
-8.72739080745462  7.042933637642914  0.33289637156857954  
2.7609203170387033  -9.99817853934517  2.1447604664382407  
-8.9616834569598  -1.9187634366056088  5.04234226436437  
2.3500049396034264  -7.728836824151577  1.3312173241424925  
8.263209083612068  3.7269414989800467  0.6033293429336634  
-6.811598155676126  -8.39171220987762  2.471920895528194  
6.152880096850158  -6.599818066800696  1.7428014261209344  
6.334119826785724  5.0599686366730054  0.8827550010152319  
7.192398045257878  8.198327295227138  2.198938814713261  
4.999181217577755  -8.009975055491115  1.743271330394369  
4.139827064793449  -1.3763393256782734  1.1418371245315886  
3.7761698092577607  -7.162115597719629  0.368183713054914  
8.286588601201622  -1.5451412564987006  1.37635856123915  
7.358193493132255  -2.189990423171519  1.9846304822464034  
0.6877993463735503  -6.409604506316365  1.4540653410053022  
-3.044625998436903  6.832308787118311  1.337469964219593  
-2.934299857125156  9.69199324742668  2.3836940855833038  
-2.389001720261497  7.091659857331475  0.5698753617510882  
2.0893096727742506  7.456247178123633  0.19993711206038295  
4.620453270353114  -0.5053325012057304  1.9514940815233628  
-6.26658105998243  -0.6574488748722516  1.27529639784008  
-7.74393313678277  -9.62821293414718  6.467663357280417  
3.420062895676585  6.585444821184179  0.3847757872126373  
-6.999015905191102  9.754928729849368  1.87836683746777  
2.6455811920041654  0.31951285584137956  59.044219253285114  
0.4951994126379766  2.5566776475316253  37.47542838806283  
-8.203596032409596  -4.355048234070795  2.179761780773546  
-5.603124867482856  3.9792461052002395  17.142827466754092  
-8.143318048880012  -7.538056525608359  58.04554057697231  
-9.637935927611592  -4.518706338038814  1.8479746303433724  
4.710887100270904  1.9019462531548008  1.4095575675337837  
3.3459696200438636  2.6307245678655597  0.09113686386989617  
-7.255490529246076  2.1840386000976295  1.089078901545419  
-2.5711380365526733  1.1716051858261594  0.9530201863922988  
-6.554026597210836  -7.275565790648411  1.0965733879933648  
0.3697752473337452  2.6333120341978056  1.484225197816076  
9.712902743332705  0.32729850761365853  0.3751175428155998  
6.0911179448496995  -4.189957102890425  11.787929822351575  
1.5658517838502028  -3.7150149152895207  2.311873681764867  
-6.702687583773268  5.438815477515819  0.5311616475956535  
9.972636847356927  8.21582532231863  1.1427781749523411  
-6.569405397853629  -5.5959236457006645  11.669659758882304  
8.48638475748633  -4.532410003886298  0.5827241932703806  
6.167095635241452  0.7970448674052086  2.0508788156133777  
3.4004305901091403  1.9147470655448302  1.5660043919782205  
5.6563334861719206  6.157920503791555  2.475532281285183  
8.123181387299962  4.977648582610463  1.6067794330825071  
5.707234788592043  -3.770923528975305  1.2493919866734806  
2.4760804693475293  4.691763036216601  1.414337437893949  
-2.8761807192160482  0.5473625178753778  2.3951569050257686  
-7.38220933626665  1.6550805500636905  0.02291084881198502  
-4.606338207132017  2.203646692289345  0.9500999675228092  
-7.702279493049613  -2.318180679416109  0.32081510254003437  
1.9322691347479903  -5.902283437108576  1.7844677901323605  
-8.857974105810289  -2.0094430124153284  67.70331080539432  
7.086483982481443  3.016668253291982  0.943226789608812  
0.6752039311977747  -1.245094659657573  0.9815107216453955  
8.10005058503506  7.864903964366491  0.4584203562682132  
-6.219590771841985  8.84486531383551  1.31442783064877  
0.24446198870802682  3.3738706551137874  0.7044036976323803  
-1.6983856927173235  -0.4130233454530945  1.036713044747448  
4.318217789730701  5.619655043834193  2.493221150956732  
-9.50925667911273  1.3713925050033442  2.4040647840857794  
-1.2823886327372502  0.6765689413375249  1.7323920385684457  
-0.9971020795870817  -9.06599643171765  2.3837466915868752  
9.282179332588925  2.7348411210034484  0.0923708512315144  
-4.857192695610371  -1.8582654979382163  1.2524216614250623  
-4.882069194368026  -6.989447133351911  0.7559466227459477  
-9.934377671112927  6.109142120826579  1.6714333273622606  
-6.398512682570152  -4.2240736005264345  1.446848119188017  
4.635179300946515  3.4744331384240628  22.131683909601232  
-7.23174532501293  -7.161894439771441  0.05981972462523577  
2.642861534179202  -7.336964649080768  0.726192904918761  
4.287752669764213  2.7945470375649  1.3394338085226611  
3.090180561734549  2.9668368626976225  2.0401446954678497  
-4.770770222331802  -3.606855617617109  1.1799057418993586  
-7.761796851327578  2.2672321731502727  0.6597865943721217  
1.8206841124474096  4.325217255253529  0.7431760249735619  
1.1269491281867623  6.230083617412351  2.1933474176753145  
-6.595580878541152  -1.2205140884638688  0.7175265315456878  
-0.7321160314593413  8.80073802157121  0.9086992208731898  
