Customers 250 
Coordinate X		 Coordinate Y 		Demand 
-13.575435054597985  4.079777617440804  0.25913095155087384  
8.485860929476637  -4.510731661531398  1.0391357851867202  
3.2495367023963766  14.392261385313233  1.2077271924621726  
-14.867576822045244  -9.775490301275802  2.136369488810268  
-11.698685773782596  -16.191607373196035  1.1383850355568426  
3.6128862607284233  -0.266143042045222  0.7491771740085793  
14.810853283432003  -0.7152475979902526  1.9495741482263425  
9.42104030377823  3.3062998531902252  0.35825010436072113  
-8.925891513891266  -0.23898313815751138  0.730212796178086  
2.5247236587801254  -2.6780270696106  0.2375086978617924  
-17.57495915925698  -5.79618286276915  2.475581846102201  
3.9494198136674576  -19.46643073490282  1.93413092948706  
-0.34363560004905835  2.914762208989451  0.2948469550691851  
-15.4872692016274  -8.559967935260055  1.3700716384723082  
7.794310266273531  2.2588714358624102  0.7762035374538503  
-5.3840211144710715  2.9087855077099647  2.043587764170781  
-0.8663702779673059  2.9696647593523835  0.3006611956567262  
-16.00080610065619  9.202754998518369  0.43428513970676874  
-15.560881987163842  2.187165309468977  1.2204819260215418  
10.365716176727993  10.56841167010014  0.3402028544881597  
6.21987728041713  -0.6149372719691435  2.4432894381457597  
-14.217308134598369  10.54111366429263  1.0004506099070358  
7.982592721825444  -3.6567173050645643  2.087863358815686  
-0.23630731077518874  -8.876026640870144  1.9819144273648273  
3.3700574579795983  -8.677776807017231  15.669054747607072  
-12.06029263882623  0.996516219439787  0.9335468966356233  
-0.9087932224484732  -12.405106242052488  0.06290337149837316  
5.224774623160098  -18.090628533753677  0.9367570815602813  
15.548896941170113  6.493219739601727  1.2877745885138103  
12.382485125557928  8.421248022510888  62.901897030177615  
-0.9282997612253112  -14.875242940897735  0.4428623402801568  
14.89961527110254  -13.86555363847183  1.8139927927384603  
-10.344055965476118  8.916060116936066  1.9197426208979607  
3.073144375906324  -16.414841178558657  0.45733887521739014  
-1.875743746628899  19.1389706885788  1.8081918922578955  
-7.783107655764926  -17.055204398853824  1.4706325512508323  
16.606870375686164  -14.423941756891928  2.202219710899719  
-8.105956783117861  4.688607180465979  0.9630032312287493  
-3.748075322125679  -15.518524352375307  1.405912167325918  
-16.918204931961156  11.387834121379171  1.6433484649939372  
-3.928978399628992  -8.006530664603346  0.830101743707037  
-7.825612992639307  5.781645754461469  0.7418603336119636  
-3.1737069921771877  13.154807006509785  2.4958793169876086  
0.7307595573586987  -11.714889669769889  1.3557767557497624  
3.865211294812436  16.6973592567306  1.6859635966800068  
-0.12691067195106953  9.089459033621935  2.0728733937622956  
-7.190586738412904  -4.25290507489013  2.409944003751922  
-11.757544250894284  0.010872434201111503  0.3512112206005716  
-17.99622716115377  4.605736390798846  1.4744125592915407  
2.417885251800005  1.2440598169553674  0.7586564198423501  
5.631976175002894  -8.23467939748487  0.07400010017742376  
-1.2949755975194144  8.176878145693287  2.30068721429754  
11.404858708809332  19.311926674268086  2.44433289335137  
15.200691254181613  -6.577776745048052  2.190003680816725  
-3.2722669951663974  -11.125189235614016  1.7429246492715706  
13.039560292415985  -10.776533453505511  1.5364565064857736  
-12.747013653812731  4.277200428781271  40.46433831335954  
5.729218022785901  5.389676044794562  1.560809570368532  
-8.27583118463604  -8.955002191830307  1.1984076892613948  
15.47985321914365  7.916864987241592  2.06085262263023  
-2.982158381131093  2.9296489065744105  1.5942086695784532  
5.434828714700256  -6.548463096190481  1.9833794108648815  
-2.7105712617589646  15.601416101878648  0.6596732652136289  
-13.291628365298251  4.7527575469242045  0.08054679902770617  
-18.870676516268894  17.669314424013592  0.22398388595435775  
-10.863345714955273  -17.690989592679927  48.458226146829226  
10.635492735214164  19.18395678817199  1.157090901072669  
-5.351502470943959  -2.733901338847442  1.316194607784241  
16.308843857644945  7.7795618641000495  1.9945928405432398  
-17.838046928422457  -19.17768160432809  2.019685226977262  
-18.32240739471385  12.61136827874207  1.1186775134899278  
2.913016450136702  -4.752821822322776  1.8374730841198743  
1.5568782265550425  6.24471032340637  0.7861396497977755  
15.122720297809806  -18.320104525502572  31.145799158567343  
-12.150105815936016  -15.34799189855303  1.9194903076116674  
16.90885103488513  9.863934560905218  1.173508784409145  
6.796763118330119  15.473908512166524  47.096962876008114  
-13.651447438975666  -15.026173743522829  1.671996500052493  
1.5774182112421116  14.70084699425864  1.643910002899508  
-12.40195151787641  16.690520715760847  1.4486961230315236  
-15.825256282359724  -18.06873864189967  1.9071702577546406  
11.97575627833929  -14.31846582063535  2.2033131650758824  
-9.595789702968883  -5.637281012460825  0.810814780139101  
12.915016304806272  12.642117960542933  1.2939064909459754  
-17.98372569493008  -10.327794272190204  1.5518952381617244  
3.6927117137222965  -14.946276013562763  1.1534708531197464  
9.777770418344662  17.94182194499333  1.3116448565047008  
16.840009043861073  -13.184001553198357  0.7830880256044872  
1.4385670501181345  12.786141524234992  29.66074963962826  
14.141482155142327  5.908565650420865  0.42516238961116837  
-11.51027683071845  -18.162525774261248  2.311357707306089  
6.128864453505717  -14.76115652318446  1.1452559390723038  
-4.380608159704696  6.7453029609850645  0.862518480467356  
9.975677480579122  11.832141496583965  1.6760393969311485  
-13.227256630959086  12.84611226830939  1.8622739157914063  
4.698990052107984  9.520304307623743  0.5018735347400352  
-8.277877920078618  -1.340108230760194  0.3202107186640146  
12.574561682077508  -9.71487119115929  1.7875384482033716  
-12.946271615402987  -14.630456896316408  0.4808135578736239  
5.6716003366133165  9.412820640797644  1.8796238194953752  
-4.522964898700824  -3.5605518026595178  1.267192803935595  
-13.586582241108495  19.615740866651926  1.2340981983848422  
-2.6367753812857586  -12.470552076964928  0.43712336392453033  
1.0701995941449525  -10.722319593325151  2.248571580969271  
18.418863313960763  16.860481558765407  21.95114089911109  
15.09015895285907  19.978920750282313  1.6027668034796863  
7.401096540396644  -3.8118659820023524  55.09896880576967  
-10.82467806631775  8.457336042239795  1.3357164700236381  
7.780587449313575  12.540346917445149  1.1690196841814358  
-14.991812779922888  8.161773907322516  29.045838546575524  
17.258457033234983  -19.124464608532982  0.4402698367760016  
19.53551691491164  15.553971600209728  1.4639363620490133  
19.043491272195695  -2.1826300034200905  1.8949952736850384  
-3.2844930144962667  -3.6847363796428283  1.1880498475097254  
-1.204164482183259  16.622464125102105  2.383145367955663  
15.63458524459839  16.614314430838412  2.1663215372392353  
11.143457791784279  -6.4627734305532325  0.8216199674938649  
3.9000873259537236  -5.407853572009369  2.423744759042996  
9.677603815755003  -14.299883026125606  0.52535717656537  
-4.784935161497472  -2.779301709028349  0.8258991769289661  
4.333516806623674  10.74556828556982  2.3698720539381455  
-19.958530100721873  17.691165678647145  0.21165863565551002  
0.06265111266275625  8.265819604294961  0.20126292325095024  
-11.74203304918441  18.488381754656615  17.97762709970868  
-19.29735293797148  13.28689999864794  0.5347000633546082  
-7.281368737598516  -4.692516154364185  2.2596722574258536  
11.951305933910046  -18.08496440356736  1.707412561514278  
-7.3812355427190965  -13.03089029364732  1.8145095612269537  
-12.649178006997381  -0.6902940859688123  0.7771893079387476  
5.5740980881005555  6.489381319640202  2.1641240709411442  
-8.811488012301925  10.139615473795764  2.082409523369547  
-12.680375158583338  -1.539071652443262  0.7722736284654097  
-17.779690516513575  -18.322173358091614  2.0046182952817118  
-12.065696342381159  17.90118919410125  0.9821524938464945  
-7.876750171176683  19.692297383983053  5.111171054391463  
-16.502099897205934  -4.2757489653661285  1.9018767672935137  
2.5832217676312297  7.2880868581827585  2.388406300816955  
-7.913798575652251  -14.00752100871844  0.45442828400022506  
-5.075787610241438  -13.142537887687062  0.7230307123858024  
13.010861368418311  0.1041710735515089  2.3205745202082886  
-3.814687209108982  -4.705826724987773  0.26995137274505976  
18.210125813808027  -16.926493353197674  45.16087573126035  
-4.448273667576057  -7.371868002381831  0.2753518635755198  
-5.303315534299857  17.05902653791192  2.3671110673251947  
15.046028097326804  14.236757854619732  1.404358862568968  
6.968904134233359  7.296897937653931  0.13119624585390371  
-11.614069156446373  6.789225373111734  1.069871568791402  
18.291687351087624  -4.404784975879622  0.9191782448355126  
-8.085196631178459  18.079879677418532  1.2920609096480224  
19.753215723454204  16.54558816867913  1.844753323451197  
-18.488804901804915  -19.092943302442535  48.46934250378398  
-13.996183287850862  -18.391740762241223  1.7362653638143086  
-0.6163880857711632  -18.846432118917637  1.3483259670746879  
-13.41679183315167  6.22701343531968  0.22888690571442522  
-15.343202660870837  -9.77491017267392  2.119293072637097  
-8.257618343054954  5.130117748723322  2.077899475476396  
11.655766770896715  12.00272027369833  6.70928391342251  
1.6663530029877336  -9.02645100772201  1.5465897135976516  
-10.206153799298567  4.465939958988226  31.73913670282023  
18.00404611359366  1.4827555182644225  2.3472764740357803  
-11.029034800385752  -13.857768041438629  1.0840957988879183  
-13.388439711508408  -9.75079960946477  1.7389849341483485  
4.388454111831166  -12.460377843717998  1.8415884074818516  
10.415058184336363  -13.662049941952507  0.5102825715072976  
-15.313408035741624  -2.2816328839239084  2.424378062772931  
-18.700460196867013  -2.1374624520406513  1.2007935495040798  
-2.6888375198252525  -13.841940723546466  2.233870005725366  
-10.070260598110119  -15.316634294233848  0.03990657285883242  
15.015263812770677  10.076392122182646  1.4590324998920394  
2.4094097892691657  -4.614107086848058  1.2061917304949286  
17.40261657128095  -12.644169479492437  8.533844821470856  
-17.314777138773344  13.69485876440487  0.13604274662314758  
-8.58136785321205  5.234448843657738  1.0463305120554778  
9.601562464315165  -10.519208761997385  0.7350590212832784  
-15.3045155797032  4.917171038180825  2.13964460956561  
-12.487564243565238  19.515048969914567  1.9706843841015806  
15.657429276788463  12.263681521335876  0.07214244098117356  
-0.6432282968770586  13.129648807900203  2.4496171846557853  
14.292636763547804  14.70923063426531  0.4765331674083978  
1.1033397337025974  -12.061869832812038  60.36290546743861  
17.49776928961333  -5.4253830567724  1.4846818165256825  
6.471556301310997  -9.22629571934853  43.67223800458025  
12.901568022436571  -1.078432563599776  0.008892049821202785  
0.8344138612438243  9.000935989565413  0.05284708900400448  
-4.926306306403486  16.109786284628967  46.17908020400377  
-6.7902086310360446  7.357213022592212  1.4089708521513509  
8.025068770472576  -0.7880933753216866  0.7682779799166608  
-14.75360637279232  -4.51974750475577  43.55695634753175  
-2.0940253436978686  -13.557392609314567  65.33319945083271  
6.110567556678813  1.2778855703812155  1.7851385651288307  
-10.191848230404243  -1.2418605128610665  1.7730977381391595  
12.180254342668952  -4.7036130006885415  0.02128116367996341  
-7.422841152454724  4.78250812990051  1.650516702600366  
-19.547693839414997  -18.756422926988744  1.6157534365137658  
5.541225913352584  13.216573828007164  1.7147201791265096  
14.569449976556811  -2.1770238859237026  1.0145743546715758  
-8.937128740794048  2.886304229634348  1.97689113210443  
12.373114907153742  -12.964773180032632  1.8880019264992218  
6.819517778901432  10.586440199027287  0.35647798255784596  
13.888399375895567  14.10305892572267  1.1224641199521057  
-18.28063858153417  -13.124173472802592  0.2346026030751  
-1.3525938265079454  14.176044577277082  0.28944831824590456  
-10.641252953665074  -0.019359457154330073  52.16368406420439  
-8.74277983061948  10.971381034611206  37.080494806403884  
2.9272994450485115  17.961797338515936  2.39742860521572  
-15.881247688852515  2.50695714249753  1.2374083740039938  
5.467051314970952  -10.697249724697846  1.5377967690872523  
-3.7972810030376536  -0.9170332878664382  1.4294058084651713  
19.391832383276082  -7.926039585282268  60.28769891236838  
-3.211000170881235  -11.3317090212416  0.05871272056459542  
-10.826841769550288  -8.169727683485997  1.535330102672323  
-6.924376537697832  14.847931457959362  50.84231586340657  
-18.90112452303205  -1.6025477323140969  65.48104843940786  
-9.43636918683325  2.4877150677418634  0.06986147278338045  
14.010809392985209  -18.295864379828288  0.4371819565560439  
-14.875928396671938  16.27254538848853  36.0776587633564  
4.927664911248861  -3.1845663599562144  2.316834650592181  
-4.346626928458255  7.274429378461441  1.3075692569860984  
3.459434556655019  18.324451612091806  49.73093803146295  
-3.776653338059109  -7.293452245467842  1.798366444823285  
18.919555629988842  -5.742034079613401  0.5130888082722886  
16.632063477475548  -15.980395981765326  2.1597008018940214  
-5.9589235822483655  -0.3474878532507759  1.1279416297834501  
10.261865795542935  -11.503287709801091  2.349915480362958  
9.203071083409121  19.95713518596881  1.3064485981211849  
18.150755269718324  19.50306936387281  0.1465973019602923  
11.073563309986273  -15.580955819026112  2.2348348309379245  
8.18341170353003  -19.453338693175862  2.1108578532463658  
9.575199839459337  -0.3915668884327843  1.3454865457048968  
18.308085106351093  18.306255682971376  0.6027933854791129  
17.07993248875424  -16.761291054140965  1.8733807228347021  
2.685623560024517  -10.217070573988437  2.3266376488750544  
13.738947105592992  -11.561619262571835  0.040840586492512654  
-10.32312188382142  18.731381947278393  2.009124482576797  
-7.1458945054220635  -1.3691427602127426  1.2866337104390024  
10.574732053664647  6.527280230042901  14.016865433593095  
-9.802868077778761  -16.821592684748886  0.08042733038716637  
-12.012984316370039  12.626895328256438  1.7252252450105032  
11.182811721425608  13.946528027575518  28.401769783311163  
-17.223455803108415  -10.22473162092513  0.24030988932522868  
19.802436286332707  12.944976185581503  49.20268960661423  
8.464541231239902  9.119162268908099  0.8724179933198062  
3.2237604879290416  -8.798295051122889  0.005122467552441112  
-7.996318817010394  0.38105345361124776  1.794635852295886  
15.96370471516326  9.025963945100571  0.036870012708879185  
-10.172976032734073  2.250403681284297  2.1169925883149725  
-2.459932130012067  17.816811960377493  0.8273985341861667  
18.079064820531002  8.148468204459022  65.26799493419865  
7.508490971660198  -6.426716930954143  0.083337643309431  
-14.064828044231344  -17.477110531140045  1.6038760318948548  
