Customers 250 
Coordinate X		 Coordinate Y 		Demand 
4.707145288247565  8.657220111105065  0.546787812033134  
-0.8555053918094409  -2.7764421240285646  0.4716814678695991  
0.9315024368519982  -7.091319581401732  1.0411838662307717  
8.425758533958351  -3.115820672915193  1.1702111945728073  
7.795830837350358  1.534424416178286  2.4181070458518974  
-0.326241150193173  8.109620853113753  0.05995014139377669  
-1.8077096060382392  9.708097021108763  0.7089115423977982  
-1.6184119836200228  -7.752882876963152  0.1680198121883586  
-5.439709508156341  -4.602066239253362  1.8620587192584965  
7.140980987242841  -2.0978073211431525  0.7633083946221839  
-1.819745099305317  7.253206126103159  0.1784545658134895  
7.038744283309253  2.417030014998085  1.6082298704088396  
-3.3233820615081333  0.08466556797404223  1.126212318142453  
8.39522008752375  9.888140977745522  1.8486969926791164  
-1.7543274527499761  -7.9203977852672125  1.0836680781248131  
-8.139574579552251  -7.636024815557539  0.15363712175683913  
6.123894583475472  2.892153836896272  2.1844782778487044  
5.883473451328175  5.863078375044035  0.8403773867326212  
-8.187623656834385  -3.2505237798265796  1.0636257966533915  
-8.429083739759339  -2.1465621769894287  1.3472293748303983  
-9.427018445913902  -0.28558490853389173  0.9281641178927558  
-9.050372122197201  7.833631443428239  2.03959990909034  
7.71186185872271  5.245292696683972  2.0015269846697326  
-0.3501490261929412  7.6564107217953215  2.4609564958617156  
9.165941805233405  7.19343859501787  1.0152320661860823  
-9.975963696929837  -6.764662471371401  1.2649758839009122  
-5.091981520726319  4.379092222660038  29.926325029826533  
-4.282900677070249  4.275105092339778  0.19020355288367152  
-1.3139191431302812  5.886297700907356  1.1277612833891781  
-6.2962842108838775  -6.333835463359028  0.5635521819712617  
2.612486219527435  -8.78258230342232  0.6704470540708087  
4.808282681580922  -6.8157179604772455  1.4439674191538416  
0.11861733820332532  4.447891727058863  51.95543599983989  
-1.276826431420524  7.135656215702454  1.6425892441546015  
5.790636458664782  6.521865270885602  41.891631949762505  
-5.459092540980319  -9.411788310122141  0.9807362956689125  
-4.398023664845376  -5.170690437265922  33.423700498079725  
-7.184141685776801  -6.170296023886337  1.7720423311652898  
6.058178533434727  4.205263053089487  1.7087895957022325  
0.17113186870405706  -0.30674524006034254  2.140072134143045  
5.76971045843835  8.491817838743529  1.6370362685013118  
-7.533766794179854  5.39094122459389  0.9077453851476341  
-2.031608853849585  6.8034711665292456  1.6358625685448136  
7.5411506948213685  5.496072078046506  1.919896500617278  
-2.516960457436439  3.6364764923212096  1.5250626610796094  
3.5524780960222557  -2.2852360615405747  36.17482434735932  
-9.31001977328759  -3.0371910176979906  2.7380933885321275  
3.9172086362614422  -1.9125437518527235  1.6494797120619102  
-8.045975676052638  -6.550621998627926  0.2960679541092151  
-5.1201862283325354  -2.7390238614794455  0.7346589877376062  
-4.924441966747031  -5.056893010866532  0.39899675019333974  
6.718240290881713  -5.528209030958462  2.008132370528642  
3.259356365760615  5.362509543034335  0.04289854036696156  
-5.395548560231813  -9.118938398198262  0.9654335830993546  
6.1207516870398955  -7.863616847814043  1.7268152600397029  
0.13512888244877175  8.90213309167006  1.1396009526066517  
-2.7552198262519356  1.3302462721952413  44.79821344839202  
-0.45183032664444234  9.161077194724996  2.0728764166813947  
-9.186066755975425  -9.39885370599933  43.16753690194802  
9.640597290313071  1.7309205436994333  2.1121658709342452  
0.8201348370358694  9.12146126583395  1.6386821577126627  
7.403513899796231  -6.719824275628072  2.0145883498321373  
-8.623424077605826  -1.3876796119020636  0.8941580466911114  
4.389719311876171  -3.2236934315642802  0.9744428832092791  
-8.354975716365109  -5.3727325186124215  1.7040521437678153  
1.829620368732673  -4.615250781883953  2.3079199428388595  
-6.105761874744329  -7.7732026351722645  1.835227324553168  
-2.488943030696557  -2.7958840432697123  1.656887494795797  
-1.7948893627899274  5.1843814473390974  0.9488636425648234  
0.4386680269140708  2.478202019356983  1.1980775475818795  
-7.661834129279724  -7.135384401750118  1.658781583113489  
-5.711575692482953  9.925429381354018  1.4690030068526698  
0.2790335063365639  -6.085888184728921  23.696704360099094  
-4.327046915488633  -6.173656880467906  0.5469324589775071  
-2.022472214508748  -9.094242035432284  2.2695975378040076  
-1.76672514775146  8.50979121447984  0.9422507384945761  
-0.20404613486197576  -4.923026183533561  0.6739816855411535  
-1.4274114919093108  1.8784100943692916  0.19253344185946514  
4.182269399921761  5.302582734148807  1.1476015198625351  
5.047713771232429  4.614042169378127  48.83900379550537  
-7.916277325681174  0.44293036811429687  20.858948650970014  
-4.566169026557505  6.703711084324386  29.468234935945578  
-3.3834041657489617  9.207871948936667  4.722370747783241  
-5.521865112447744  -2.0732230846633897  1.5851663636163393  
7.507675285671294  6.6772531235984225  16.548010136657936  
7.358029168790395  -6.056101024693916  0.559050797048527  
-1.1769229354339945  -8.381490048759591  0.4555529482853854  
-9.940514027593697  -5.371571397044333  1.853589127791861  
-6.499950307092821  3.742014344715919  0.19770206764863157  
2.6911995578557057  6.280862729515825  2.1624059372052535  
3.197380387848339  5.0347853583798745  1.2697006672204734  
-3.249846772415421  4.3669750844126565  0.08639733860171306  
6.980031460033867  -5.68680068597506  1.8617443451095013  
-7.645772334373159  -1.5797466992388998  1.841331168458342  
-2.6463727451136876  9.135315738128178  35.49523300416774  
6.457476729574449  5.749272938171352  0.1681145575659479  
7.164422496054776  -5.7865519209934995  1.3108172505056213  
-1.93630794438719  5.59062282558166  1.1820562063263709  
-4.119627764122711  0.46760288256704996  1.2485742419236936  
1.4538862554704313  -9.65198472517704  2.022453007398844  
-1.231066771040938  3.8604162462392253  0.28858640825485504  
3.4433147238712376  -4.4417995149882294  0.28882761347188257  
7.4872132084291465  -1.8457945816784527  17.07520213184368  
5.683664792257179  -4.77568503681357  1.8751460531949289  
-4.399895115476795  0.7307674915739852  1.013197333126776  
-1.9739634312936882  -5.8427147815659115  1.9383431665126842  
7.542019207903973  -4.385455302583379  1.1826071580814526  
-6.039663697801458  -6.034087468389964  1.8624839379815308  
-5.462150200016122  2.839785716367908  1.5987992587798168  
4.146716892955418  -5.663733236580731  0.7048890394780655  
5.998789202137509  8.302327130443363  1.0279999759737504  
9.054677893344333  -3.7589914045374044  0.23555267950559677  
9.908623630662014  -6.763384358537181  1.1352725047183254  
-3.2745396338684785  -1.2807290017621913  23.621927942896242  
0.7161324028027156  7.45860099243999  2.396050314819037  
-3.3266419657174424  5.867722151918834  0.9101761841341355  
-1.750784110518591  -4.484874866614388  0.676158729743736  
5.941565336945207  5.683431822218285  1.4199050081520599  
6.166375328824007  9.880428180966412  2.0291520487433305  
8.328198577962851  7.399174295004041  1.1125612984715108  
3.461172975484976  -9.659602243567582  1.3847942395379074  
-7.201900096294301  8.951784656568794  21.389400469689395  
7.535293684691055  -6.294810149152921  39.900810058256276  
2.09606372383508  -8.775804288229644  0.8706460035845529  
-7.6441616568473965  2.990843480695988  1.0886467395341195  
7.577101123240887  0.701787377114492  2.3894498412436667  
-9.787533181501916  -9.789488528544242  1.2013371272311713  
-8.73062870105696  7.183659598732316  0.6011509939793558  
-9.409976627422655  -8.084059787976656  0.49185484389701717  
1.1854022757195377  8.189467933893091  0.8392438759436718  
-5.327738534768818  1.6298140120647915  0.7062270766411594  
-9.102768724643491  -3.2975610445195507  0.5423341756684754  
8.992301042884481  8.30959705419533  0.2959708062727892  
-0.6089185201468226  -6.1108077498908635  1.4174275924956914  
6.745436579664897  -5.016508297706357  1.7117673950032344  
-7.782791605302228  -6.563008019236789  0.7824481019549773  
-9.720075057909149  -3.300855779288727  0.4789066772005532  
9.950536277837603  9.149060000039118  1.8243141918840065  
-6.718623737586011  1.9257144305058063  2.3533275095319635  
-5.022290653202539  2.4385667793521133  0.633900924353332  
6.166373166369635  6.5499461689116885  0.4820833107649439  
-7.37381446886147  -8.638072181147313  1.0042163955761922  
-6.799055628359065  -5.3931480510665715  0.11706131707558909  
7.650996141607461  7.832037151607448  1.1031201694684536  
-5.140483636337462  4.885642873822206  1.555782313622166  
2.0947940077614113  -5.347949145358375  1.7569121639067893  
-6.0600321760349996  7.551528677214762  0.10811077895179627  
5.536823141173436  -0.9896411140798929  1.706119956505778  
8.950413646929615  -0.0759883578734648  0.01270151381950857  
-6.253577507773951  4.077356222713238  0.8198128958297596  
3.283341581027088  -4.447701177456782  2.352012933131458  
-3.2432994171123504  5.344653855598512  0.3797708172220665  
3.692729373491071  5.728458555976745  0.13971340924122527  
2.3740014810950463  3.3473380803469333  6.975890284018351  
6.589761133163247  -2.4210523721191013  1.8793098953619731  
6.138782060824642  9.409917300840686  8.75586122075053  
-4.327221609946861  -2.1248692450441764  0.5178266143072319  
3.7535345735321872  6.056575663118558  0.8019769148594389  
-0.5929218411499235  -3.29658050670536  0.3433617560979377  
6.9933755181249495  8.726351723058514  1.9283341270637588  
1.8701948260349415  -9.864342844215324  3.506215742996033E-4  
9.114921573112749  0.4338824784310642  8.096117997032241  
5.47828248916592  6.04036954314752  0.42136302516495666  
-9.220915544050616  -3.983676631759298  10.950702012038699  
9.109226074323988  2.17551239436715  2.09926348708426  
2.503407708385053  -2.39292481764255  2.3793759381573647  
-9.861891857906418  -9.296661509865798  1.7485618977249815  
4.659566693016881  7.97694651476084  1.818469336837041  
3.9006512144022913  8.268005927324069  1.529782979626315  
-8.968338494619331  -6.616632048751181  1.432045576469691  
-0.8997346361843572  -4.223442200294105  2.1356828444573703  
6.9509251298522585  -7.43170905372941  0.9759197707021439  
-7.3256750790756175  -2.97610385599536  1.6631403557231348  
-1.9775268835654085  -6.454606310787952  0.31972968655442774  
-7.364703260148707  -9.697626915055672  0.3195519485356685  
-9.540281254173461  4.817215738921856  0.2529552092679971  
2.40234790082849  -7.863370660036386  1.637557561278162  
9.042079810837976  -7.3371483755777245  0.6830578523985692  
5.139058121092857  -2.715702198174652  1.49692605110785  
3.71160113055884  1.1368259356508776  1.5870689877794095  
-8.387141356425513  4.14320519103196  1.877427953016371  
0.824116988195625  -3.5802254112524023  0.20295454797155277  
0.09182600386964168  -0.2943106527433308  1.8915242337903468  
0.07058222834306171  2.161556726884182  1.0720845964300314  
1.79445378607757  3.2006644066442966  1.7706989564701154  
3.0841915852444544  -2.542574333559166  1.1691355738819456  
-9.591972063227882  -7.435948714819894  1.1042631096655393  
4.748917020889698  -5.902119779716766  15.095753039232338  
-0.8087684210919459  2.8782046718991356  0.7544593985984221  
3.2250845816554286  -5.2671792153687775  1.5193082047487205  
-5.823399128380437  -9.079040832459135  0.9966946375575483  
9.70761861518534  -1.4093593890193574  1.8830589762689374  
-3.011538118975679  4.964918768875922  1.5587286279397645  
3.9325747072035373  6.392871136139995  2.0990738365677712  
-4.2080301410209975  3.967613973437423  2.357647558546975  
6.447593501295703  1.1050098546924616  1.610215971810505  
7.8888774676325575  -4.706841993547373  1.8584496388460279  
3.6618888637354807  6.1641548223513425  1.3925341957814064  
2.4756567739901953  5.106016460929464  0.6030717655458742  
6.691407473774088  7.824071145275624  2.314383147452805  
-2.9204033650487897  0.577524385891067  0.5836847655609125  
-9.985222675215928  -6.741686605197907  1.473600644389528  
6.188510280811574  8.045771521212178  1.759085624559422  
0.9556713388275391  1.0620291536491635  1.8740717234313  
5.589663839846779  -3.730518183564917  0.13801485883889297  
-3.992786138159003  5.793071060315828  1.4280063017057318  
0.933563443186463  -1.0834871505978168  2.4782268250542643  
5.014052814740078  3.1930391304638572  0.3952594492474146  
-5.961779853741791  -4.572403039253903  0.7751414794434466  
9.227721840369199  7.728880274971839  1.9960217091899262  
5.449515255839227  -5.604044468472749  0.3389058094845304  
4.250917456773601  -0.9043312693998722  43.325048391972544  
-3.226702035019688  8.603403302676693  0.8836921644039073  
3.88632285828783  -0.678806422102781  0.18587320016716286  
1.2948347555969413  -4.146426283500788  0.6780629181890432  
5.905588324745244  7.112978105367919  56.47154377288416  
-3.5987624463912438  4.742889778486742  1.9302286728986862  
5.754113440359381  1.0883570455221978  0.10786477537008732  
-3.6775043901481226  9.509900541849422  1.2070282252048994  
9.20723497310561  8.528230928395494  0.40267592266017255  
8.706734366354997  3.103615908653012  1.810458900943563  
-0.006536022973824274  1.2951329658908595  1.2792029068850141  
3.5453306025404974  2.611456124679659  0.6605847541761256  
3.4003850579954182  5.556223689220204  35.96615030629565  
7.963504289720873  6.1874500030052495  0.358651254165705  
-8.121154876897425  -3.0481567606345745  0.6495243636338863  
5.392013915254294  5.621298700445237  0.22923449693740855  
3.661063776686861  -2.1497534833853704  49.49194827069586  
2.6355806221128155  3.6889350585485765  0.765252540371143  
-9.591722963037007  -1.6708580006140643  2.097127412294695  
-6.646333117854235  -9.574797365139338  1.524668035710321  
-5.096444672043054  7.524665845893363  0.804976241080122  
-8.530768676498488  -2.5407231634572813  0.6527089162444227  
4.805404887492751  6.988408959623467  2.1459060025048777  
-6.978910248173078  -5.446541906478608  2.3284368189630094  
-6.522208987247334  2.6931305693281438  0.08000150027852593  
9.975503538672822  -2.514043049941437  1.5594898695539774  
3.9121989896740708  -2.6722283168344436  19.608262124427018  
4.512619307248729  1.4182996708106828  1.3738289663765713  
-3.2426379620028616  9.522407481124215  1.0688480157408984  
-2.6966077351739415  -1.1120247166511437  0.5823154417541848  
8.472280313865227  -8.35624963376552  0.21707110245579947  
8.292607724201485  6.566956676522565  0.9109479137394114  
-9.381843721521415  2.801838119342472  1.0158348251639504  
-6.496365197352585  9.926711461231804  0.42658663510476313  
6.3048700276684  -1.2914720323409323  0.5574754592235298  
6.380531460121258  -0.04966791625332334  0.8049941026605436  
4.807622722112502  5.028421326104143  2.1675582241460134  
-2.8168706482692585  1.0324147562191257  1.61501857589911  
0.36936619963003636  5.862846429158058  1.6138812805577536  
