Customers 250 
Coordinate X		 Coordinate Y 		Demand 
4.665937971056502  6.647642486657531  0.5278900276359239  
9.441381580294564  6.756999449078869  0.3855531711223284  
-7.7827954475590015  -9.008156929283768  1.1118850407197032  
-3.7447656853044204  -0.8228938098542358  0.018030294494383314  
3.280761756923056  6.070660625662576  0.8165048625321902  
3.6173513164083655  -5.612709134472047  0.48397853158625437  
4.468494062280806  9.148981564968942  0.3090502586521873  
2.235379790437385  8.298647968746561  1.753143857616761  
-9.439146529526061  3.596482591246124  7.136570517210206  
2.21540279125618  -9.474891523378698  38.19563942482946  
9.9918009056329  -3.738235272903667  2.0904414114829026  
-0.5491889838693211  -9.267206702715047  1.8187923191092616  
-5.338856404005732  7.347704688999372  8.814380898465647  
7.002632670860496  7.217150736466568  0.19712433612664088  
6.652387941486662  -6.508841611060163  2.0503496694448793  
6.549444076139398  0.9110013301099773  1.7397408311177918  
-0.5657639141491355  9.750132051479365  0.26840691987026905  
-0.015018626944014457  3.026616446132236  2.3891346813227345  
-3.876149983664803  1.2015478333663072  1.7049265972219383  
6.241585979713744  9.534953854376965  0.8106259171775452  
-7.6099941035797825  -0.14726879469576915  27.746830270498176  
-6.582394203380691  0.6851800948343101  1.0865514112096444  
-3.4257293497475665  7.569745939890307  0.6730464599131025  
1.2868721468309978  8.767595541613481  12.682217169429913  
4.608315904648881  -9.274303336223966  0.3333804052827419  
-5.7316146736358276  2.3230972081460095  1.5601739254894782  
-7.6944958614270975  -2.727871158625124  1.5231844608968985  
9.934330091950013  0.002298022326348459  1.1646972313322348  
-7.395136214929295  -8.063350424563705  11.286072528738266  
-6.865455724110565  -7.722570876593995  1.6827117575467387  
-9.65441648379095  -9.750107017665272  1.0363101479110406  
-9.184431141355468  -5.78984878908313  59.17586270739618  
-7.849850242427365  -2.8950418532470774  0.5677458828359336  
7.612403433967334  -2.521601929827135  2.261502644239198  
-6.005749042660982  0.5524405823875647  1.634796937296522  
7.291090777848257  -5.134621844386109  8.269547993687933  
-5.958426002405883  -3.465814945654997  0.2500471761080328  
-9.879743308741734  -4.586137726075508  0.9747460758972121  
3.321617912033867  5.2588862032846215  1.7273470299745042  
1.249731361164507  -6.551125245470743  1.1902180779351923  
-8.171346871064278  4.9226563333158175  2.2446402996391432  
-9.825627699682686  -0.3280786351961993  32.92480363492929  
-7.380055600000204  -6.522307682864222  1.2199317377824561  
6.361222113834135  7.529873890800818  1.631386942942079  
-8.508632130882482  -5.847839168597638  0.36953580622171855  
1.1181174277880004  -6.93835997853  1.7137064427085962  
-5.191452256763418  5.42442895844612  0.9427479838540581  
-9.218120007348126  -8.574262287886725  2.2193365990000906  
-6.928369050560486  1.154769053070531  1.252078557235423  
1.3042109161664577  -1.6880950997716315  1.8254509536376324  
2.79183492615938  -8.422345967303187  61.27157382972821  
-0.6865817065751951  9.439869560934977  1.6394248610972273  
-5.742117388686783  0.8577798872178164  1.973677447996314  
-0.2699024503865033  -3.6516010948040094  1.8407791813348333  
-2.229540373734846  1.9129257553644763  0.4948360568439583  
5.014889547797356  1.6777582214577098  2.2075530271284913  
5.922809953573909  -5.793207016690644  61.595427898887834  
-3.873549768686142  2.1487048694440336  1.4587484640922432  
-5.494396531691077  -4.785066040654479  1.2724532526483228  
0.2677438891538735  -7.558861759026245  0.9694850044349457  
9.61419176990147  1.26690394472668  2.435486509072124  
5.498795751045936  8.175533133686937  1.54050699750961  
-6.463615070743122  -1.5322397454365024  0.4430142496888276  
-2.7059784859496983  -8.799716239951191  0.028682670922500764  
6.998868429314861  9.40202695868917  28.32324055864697  
-2.8777348139567867  5.388074959669449  0.7701367890340896  
-9.649610215459726  6.323261824353036  1.922732739871187  
8.12766389097894  -3.855579198682011  2.352656558064307  
-8.740163647294581  6.532338455248855  0.3212242897492526  
-2.0105294257248136  -8.168522543085215  0.9190121672141991  
-8.49266960282086  -9.352421290391247  1.850112974527431  
-5.961046299755752  -9.689730211177753  1.8078320979306217  
-9.55353157348647  9.469851183090178  2.1505198823170564  
-9.288494673049652  -1.195550887457781  1.9636739388002742  
7.715825952160266  -9.854230203894474  0.4250153480299032  
-5.587923200572822  0.2887089101536091  33.23080699334042  
-7.222142775695248  -2.6678906855969213  31.726008155439636  
-4.127929384584599  4.6049856423528865  0.8072190260533738  
-6.1366893603846595  -9.935430094602033  0.16373770841419139  
5.0758126219373665  7.509564430885412  1.880871728797453  
3.8992868476983276  0.034009794235934976  0.4737529029785273  
8.834726689369461  5.854222272659902  2.3542060871768156  
5.999065763485662  1.9732743967983915  1.8201120783613025  
-3.9126548889622947  2.1045257261132715  1.7391771692226343  
6.091825191009367  -8.142251704799516  1.071351162470987  
1.003267189242223  -3.6015868020791615  1.6890763934387385  
5.270377116777908  -6.377252146833818  1.7226169914300584  
-1.0307964229270965  9.348186072188103  1.8789087387498424  
9.435046017336312  0.10089082061016263  2.3566870637367927  
-4.464777437787735  3.7890318066732576  31.531972158628992  
-1.1881828236238086  -1.1174430004798026  1.777505648430672  
-6.600674121690229  -1.3227933345561826  1.682108469629013  
4.922872948478187  -1.197429192959877  1.6853759370098207  
7.50848349215709  -6.659000128588055  0.7547805648788314  
7.587651670375504  -2.2437690162819397  0.8879496145427368  
3.354244372424116  5.287607593209938  0.43775937234981466  
9.532547007809427  -2.4521911049116207  0.6661540798898219  
-1.458945672687058  9.769038996885321  1.6089181567115338  
-8.812626650842784  -3.5253556001576403  42.82698861004074  
-7.29459686770392  -5.689818266204345  1.9762611524044862  
-6.753274386272334  -4.650039416255529  2.2977959774529135  
-4.136072584063937  6.402148350124538  56.969742151495424  
-0.42564285124623247  -2.3324741144856347  0.2997525990911032  
-9.731406537896257  -2.4359646892644093  1.0324217891013698  
-1.9713020264982806  9.611285658889553  0.14704703516680212  
5.8470847574646925  -8.023791476806316  1.9482362221764562  
1.7876437500482467  -9.386908153899522  0.9885581592751971  
-5.693480812390968  -7.111745941783976  0.08696417549173163  
-1.2492665821913391  -9.838352408433428  0.8175716942255806  
-8.021376756108465  5.004707505347492  2.42408695839588  
1.5968469144490012  -8.434194247153815  48.56507090201008  
6.484483524997351  -3.9483081315623103  0.4365488811176016  
-3.9244523742128123  8.375331432126437  0.9599178792531243  
7.2970063225672845  5.727592787910201  1.041270888893178  
-9.889814658902768  4.16226226987952  2.344169677210556  
5.279204531816649  -4.759114055771314  1.2423122738961223  
-8.709099401312791  -8.634008325855756  0.07249619512671057  
-8.72355926066926  -4.36174816295039  0.16832218965714074  
5.33563919461923  9.905194570956247  0.2300144103666571  
8.84075154042375  -1.873902884197003  0.3069205413074991  
-6.902685687824945  -8.740275425324036  0.3435752699047198  
1.1653752327216473  -5.41138934735478  0.3676499949604739  
8.695233538597456  -1.2743905346932394  1.9786783286092593  
-2.692389826469901  1.5054754706762257  0.3301388099491387  
6.3489191370026745  -0.4537373043185937  2.2842928899558466  
7.7781284808452185  5.472364867376742  2.3591156970680753  
8.49244554551657  9.623045713224759  0.9797267638407827  
4.5748701303941495  -6.472651236458864  1.8929166486811289  
-7.252578869574656  -3.4917031179801405  2.402682089099496  
5.73963989338907  -3.513670174023682  1.3371257075273046  
0.33273503614958067  -8.616041935404974  0.36263983831596514  
9.51553827685768  -1.5093602844208913  1.9199883348617788  
-6.510801307970182  5.72892224875134  1.6687135142354272  
8.183344291873826  -9.030080967623984  2.3912401457015298  
-5.5027961381861985  -6.621774618767333  2.326111997612343  
-3.3450210236228894  -5.776595992431172  1.3709895786803061  
3.8655224744967747  3.677210412917633  1.0203531175136127  
-4.097825498549065  -5.17725276053973  0.7802969888856676  
0.2693765299043349  -3.5662149217920946  0.13336769901804157  
-3.7015253414960414  -7.960503135592349  0.9100892340970026  
9.815898400285999  -5.628095755487161  6.708647930330561  
-9.047313361158764  -8.499642861658  0.8100516281243619  
-2.784891221772307  -6.21060775497122  1.5234925661581715  
-5.888083391407486  9.273361227499908  0.8041369090870043  
-3.565461596395753  -0.8767590519037469  0.8957526810580738  
4.712309735542078  -5.411928117663387  56.58551101945533  
3.4156179886594007  -7.874498192446049  2.2887803265095057  
0.15561808111924336  4.392945114604306  1.299326344802498  
-1.570043337518399  -8.647102932451688  1.2641593805684423  
-9.61027479026744  7.952973296622211  1.739712014074969  
-9.34635755632861  2.673279244065288  1.2680951033950483  
7.371251077718458  4.69073997150182  60.83099843931456  
2.5376855095034916  6.492059735306313  1.7066924557401673  
9.988363222866713  3.4740041344583474  1.8336931425310934  
-3.4472769817701483  -7.5982665519990755  0.5062493418552783  
9.521913197433559  -3.447053577016634  0.584213731568284  
-8.113875716768229  -3.042375982931671  2.0277071860362463  
5.723033057289928  6.350195125021337  2.43641183099468  
3.669608350144822  5.282975462639072  1.8293978340573427  
8.585311297150394  8.306763995890158  2.352206724042443  
2.3155060701421526  2.2065135207446485  12.907395471846064  
5.889671272613041  -2.012981249992894  2.3758547735355178  
-4.4602098056059365  3.635602342674522  1.0864467452815725  
1.6000805886641878  -4.354193844688677  2.280867322485929  
0.6499950030648982  3.8681256107613144  0.644119489868038  
-4.811781779331623  6.460864533595146  0.966592893102054  
-0.3238413203800068  -0.4537934102772887  1.3064785159285306  
-3.0347818382571496  -0.36635919704969666  0.4111041516116251  
-5.077097059742051  -4.045094748970799  1.5902609012264226  
-0.5013802101959719  -5.438355958587766  2.1120306744089876  
7.52078476836866  6.369008330530665  1.0221926581730552  
-9.80735044036198  7.285454598532382  1.5719774427622843  
6.555036700983379  0.15103928094005248  2.1757531109340382  
-4.890046664564984  -4.586482309119493  2.010170790768794  
1.3498282819430294  0.3036157513245197  1.5093617953394847  
9.112915443033746  4.727844233497137  1.6069711936270006  
-5.5138329340979775  -3.8207221700880485  1.1251279625020671  
-7.597322948206706  5.673745906147246  1.7128944905284638  
-1.8684304472803888  2.05090887091038  1.6923033351535541  
-1.4660128658821883  -7.06327055843055  43.86407840251928  
1.2596226715301881  -2.7541181725970088  2.4045791102998426  
3.9840082983062324  6.309668938933168  0.7887577244850086  
0.33756604503297893  8.547046503516938  1.9653671307735374  
-5.646797154862925  -3.946605548268465  1.2026210130558914  
-8.939988668044187  0.5636928831028172  0.22020698296860014  
7.276422386941704  0.9538068616373057  0.8393026603771497  
3.706935583755868  4.775602520855935  0.6804383286632215  
-2.87766840501739  -7.721346139717429  0.2580371285215427  
9.704062678338005  2.9533304546852435  2.307280023324476  
-8.440719079771885  1.8370894184532744  0.1188850501144817  
-8.036236342622553  5.657822621715308  2.050456241497031  
-4.934235931253439  -2.6548593131883447  1.7292481827165656  
-3.415399986194627  -8.47748712414514  9.32537925938832  
-0.5364203038286668  -6.699792163118508  0.5080171703473374  
8.487634944591424  -1.9789907913226585  1.71894848241279  
6.551822522635284  -9.432277574463  0.42399367851365083  
-1.4323659178158188  -0.5764961161846056  0.6553478833826296  
-7.0801717499908445  2.883090536788286  17.96392464494333  
-5.06270989252477  -7.354970843444708  1.2455809380321214  
-7.982798493843899  -6.527958931302161  24.00760058866672  
-4.157417524153373  -3.311316694944737  0.7102846824765805  
-6.4409525272534545  9.992509144511232  1.0824282443506739  
6.827410086434455  -3.613050014021808  0.25772337535751005  
5.344531801985536  -8.998821854919658  0.39536612007324917  
9.725614235644386  6.14424353857811  2.240181658853678  
7.56689797245874  2.1478030400933523  1.368818680759587  
-3.941479404656423  -5.616204945607725  0.01803058941378055  
-5.3069343536320694  5.300444624665861  2.1739535316950938  
2.416120984031952  -5.597988312433333  0.15060576229782185  
4.990930088653796  8.804733315493863  0.888276856477136  
-9.59997349736225  -7.666569271510775  59.04062664087556  
2.782495299985186  -7.919704161586769  0.26730706855638303  
-1.293690027980185  7.9293951043057795  1.7231849974471471  
3.500959881031452  2.7574600342993865  1.6252875923879015  
-0.07363179925978791  8.853573170097519  37.287835273973165  
-3.3701139551772545  9.557372158233072  2.1315800611586324  
-0.3560751485897242  4.197451689469123  0.4419789052559592  
6.602570347580105  -0.8813552699134561  0.4543775882433615  
0.406303987138827  7.918922037105784  0.5114061488218513  
-3.2602553823307634  9.973663201979992  36.77954270318751  
-1.851909254951078  7.907088671059846  18.504633343766695  
6.303736530907514  1.877677398377946  0.08806774914569188  
3.645316519960854  1.3764212484298142  9.281524004199255  
-4.252796440271489  3.693798394683281  1.893225931890211  
6.578281379917499  2.293381667366585  1.511935268687146  
0.23457823809545175  8.037030515388878  64.81253643675345  
4.781146179266493  -8.46135929645281  0.5834163738109388  
-3.485662275390144  5.880461352818688  0.9825294613802407  
6.256417372776561  5.5080219315501715  2.3549241375775303  
-6.779765735397749  -0.6732651318416387  0.22162631592603316  
-3.4675514971593513  3.8552856621219362  49.020443559024834  
-0.3203988272210285  -4.252068183088376  0.34908094246351884  
8.942084492486963  2.0798874565243644  1.7676299837146214  
-6.693135172264224  -8.503016098412903  50.113178686071386  
0.40057465340159126  -0.33716904750127163  0.3825913898564956  
-9.339610034100597  -1.606252765143708  1.0960588656099612  
0.2608768163934414  -0.5462601227184649  0.5773693429115245  
-7.759223899779288  -8.811141315233211  1.0296858251630745  
4.824480132632953  -0.9877207359915463  1.6041544846653821  
-3.891265711668506  -0.791503040038954  0.03955206177914283  
-4.914130599869823  -0.3929556605573197  1.633439541014985  
0.4006720592666362  -9.616816817644242  0.10361598540958306  
0.2887571226790655  3.57504575825941  1.854229864975381  
-0.1798936642678619  0.8637337155238978  1.5695978103348074  
-5.127789820952787  -4.255083344631503  0.4205983237940028  
6.183030819916173  8.427499847222709  0.9834463774979524  
1.384790604115281  9.626964976100567  8.754584566189251  
8.095364087322988  -7.121984412028324  1.2397358835158818  
-3.0551580208946856  4.073195214634149  0.21355937216221338  
9.840604409592032  -8.35882567395614  1.485633440118272  
