Customers 250 
Coordinate X		 Coordinate Y 		Demand 
-13.675765447374658  -6.030497871264666  0.018733653665518324  
-16.87824118511736  -10.864091361447773  12.739110511855827  
-0.5765797043293119  9.725179380227317  42.093164771079884  
-9.717548600927737  11.45946200912945  1.059801405766745  
10.351580553852475  19.200967486397694  1.5799128593560767  
-7.654888836433829  -4.111816340363298  1.047994283129408  
12.700740009389847  18.79299271955813  57.91196261136129  
-14.239292586676555  19.779592243431885  0.22274897466738774  
2.2059138697201846  19.722700944969652  0.7440157742883208  
13.140706870614459  1.9690722640767646  10.745113684352836  
18.140108674798945  5.702915458536879  0.12930490264072947  
-16.26467860189979  -2.697615164764585  1.6469895902223277  
-1.772616789274739  -3.749143109949827  0.4128577639770259  
19.38295279224002  -8.106727586958375  42.674411249402446  
-6.519773939407138  -11.695601291174338  0.75738114470358  
-2.6629316953553612  16.7624141249672  0.6049314281659377  
19.367505280384442  -1.2022138779721523  1.5550090979648301  
11.376778248929838  7.51397773939847  1.4501635836750413  
-10.280771448607453  0.8530784914796001  2.0011959505837558  
2.607346668478442  7.706016853325799  56.95017120540329  
-10.225628616852278  -3.7564292245957596  0.8560177503671853  
-18.643100431868245  3.5709709652591144  2.3402176332896394  
-5.22197665875745  -3.2145700189767723  1.3401479762454263  
-8.424429672108214  7.742510156240211  2.067783045919084  
-9.465901152826813  17.313807796895503  1.737772821488293  
19.143340543167596  19.644973999437745  10.744026777968212  
-17.680132409018224  -7.100321198032962  39.27724276241448  
15.492814419531001  -19.798333611248363  0.710053754640608  
-11.431457538852165  -17.036357527571578  2.497008524628668  
17.953197781513595  8.518240111681962  1.0591753891537878  
5.726197615882246  -5.057041649095  0.8882608569092193  
-1.7782965678669527  18.19743255886587  0.9504509173651932  
-19.31075881077318  10.168047532682607  0.31294898022820067  
0.3686595851217618  -19.058600193417348  1.754276937212439  
-2.771290406328095  4.604718210587734  1.968034815323878  
19.782555325498258  -4.902102946414683  42.403580106412676  
12.807629668390234  7.118363632409515  2.3740932399247177  
4.461274488480118  6.8065583110002805  0.42716430043411885  
12.197690898871933  7.916382761901772  0.45024294229754763  
10.055776052260082  1.4015176642120828  0.4870044564955689  
14.301490944382785  19.82507587155449  0.3741414904770757  
-9.927535611982861  12.726639012566281  1.485259766021526  
18.58659640100717  5.057258503638735  2.4243113523423823  
-7.359500583942964  -11.980415017098185  0.569765086305565  
-12.46233733481148  -9.873148309844325  2.1270613013392365  
-14.749701941918797  -3.9790167199276283  1.1813699036425236  
11.532881945641911  -18.43330842982947  1.1552697381228856  
18.869480908780368  -4.0350517094185  0.0666892055498286  
12.550989877506503  -14.894181022628983  1.5512949775930673  
12.84250448989259  -4.892809129483053  1.7604900899250189  
-6.884914220478837  0.9624787252861324  0.4712786776933167  
11.98024046050259  -7.553016627371111  0.5474781501262244  
6.879530684715025  -2.0908944457178222  0.7731072545553499  
17.245743040791794  -3.7007814938212036  0.5382504782433108  
-2.7338477426240004  -1.2344774065301536  0.8952978515160772  
-18.557543811750495  13.372815077312111  5.622535906320271  
-19.443984339605855  19.976618274780066  0.5990736507086758  
11.311117578785588  -2.9882750011876915  0.1610016070300982  
19.843018393995578  17.93074155943402  2.2708947035997906  
-12.55839830696492  -7.745214025683985  0.9958498464476886  
6.2555452221756696  4.675075155577062  18.421992740770435  
-16.594050774471288  5.370669179451998  1.2975411926096314  
-6.147558494129601  -14.315773710720885  1.6321938634067532  
-4.481153127284827  15.52417975602873  0.12483877605294624  
4.599552682080315  -17.661706782445137  5.388292892920763  
-15.368210481675423  -3.7698492009401363  1.5124817153965235  
-10.166920434687444  11.766651515954663  4.280735711257976  
1.367193342407429  -15.748811645270875  1.6197395235978544  
4.616002872996525  -13.286281968643427  1.2305101193849297  
16.198689786375887  3.5955107912929307  1.571257849511193  
-18.606180799341807  -11.917069725977644  2.3298635082401966  
5.783869794451348  -17.728862621186785  2.2499606554416447  
19.355850491182046  12.815207186175101  0.3540348845557381  
16.95571750256513  9.452674506113674  0.4267755053248326  
-4.091640014774329  -10.241876601279927  0.4347815726597981  
19.778977463142134  10.716951688642759  1.2369463377950187  
-3.3342546602103624  -13.817935596517561  1.6961921773703983  
11.077726465299257  9.003748941102586  0.137700678168107  
-9.633959588108612  17.599598626885488  0.011380155202281583  
-0.1596241405280665  -11.04212011252077  0.6070356822288564  
-14.88301344042052  3.544323997676603  48.076318932176164  
-4.091628428301593  -7.691134076154157  1.9683895001874443  
-7.621079843578663  -18.03456219037685  0.6407315096502622  
13.354832319713225  1.9444631243651465  2.350963117379221  
15.090726144841497  -15.10571997879499  0.7903600761866575  
-10.040621387058328  -17.66571891983551  2.4204585081469885  
6.345109390838388  -11.960903292936624  1.4411140810685947  
14.18540943982373  13.959756255579855  1.1399988368996454  
-4.980570804891787  -3.035724706651397  0.4041297818403075  
-18.93394014695009  -10.59328303472065  14.185089412472887  
-15.231649190733432  -17.48969008536756  0.6469463590277336  
8.405110363228992  -11.223200721492885  37.83673707267885  
2.7845715311485684  -11.88927084698201  0.4304177951600874  
-5.30091715831384  -17.926039807321867  2.09241254278835  
4.733846319625311  -18.337746264167414  13.81476424764499  
-9.813227316737375  -3.7776630482479767  58.42349700382035  
-7.729399396736811  -5.395576692928973  1.92670774130666  
-17.56751320146752  14.371706898243403  1.3289355873773987  
-10.459660571967087  -19.135051177884748  21.519124405409066  
-12.150793510084172  5.146790475809087  1.8233902423163255  
15.075138532232216  -1.6729658487538934  2.191447907359599  
-9.432046576222692  9.496657433711121  0.8047401792001254  
-4.511556518847119  5.474923739496461  0.7769720621141035  
0.059591164034259236  -17.19952323606682  0.3530811741272383  
17.37543771372848  15.873917822198983  0.6662269363413714  
-11.08467948819239  19.885864759808165  36.26455609473775  
3.8252261972959047  3.141118302265326  2.2061432676805994  
2.192115123731245  0.6160809656545432  29.2774537962377  
-8.04891429205934  -0.9368588738911718  1.957090533467779  
19.729349991011617  -16.29767508383704  1.0409190610818333  
-2.1549670970926016  -2.4829515705188143  2.3074805479893823  
2.8428707419696337  6.3973753884037805  0.2955838794437124  
-14.637042075709799  6.850765198387769  2.2249983464345555  
6.802750091668777  -2.273169868408175  1.365551237796543  
-14.853427385678465  3.379206000192344  1.341725451583711  
10.500994600545855  2.914191671780884  1.9184871890564086  
-19.71157146794511  -11.34762019166871  0.1954220814478369  
4.715435846696288  6.6560562625546424  2.0957309173445533  
-14.953754194866896  3.1517214235362623  0.07423311449962972  
10.376063511289  12.903641148073618  1.5842495983845029  
-6.98718215879628  -0.9291131814065743  1.5370837560378834  
-11.759947338820487  8.806917044311362  0.7597914531796377  
1.1477225018605068  4.837275512676122  1.3070307467810662  
11.381731701336982  10.4775842830948  0.9110013319812003  
6.077105061695786  -15.969469882722315  0.35983447981152133  
1.9037411949912197  -1.7728491178914965  1.6792654472970279  
-0.9322236296587505  1.3542502317609149  1.6550173640520374  
-16.724369677861304  -1.0636469283595353  54.220119343850314  
-3.918122467009546  -1.682816950497017  1.5816746758394375  
9.70615398931221  -16.787824352840694  1.2485019010389191  
-10.681638618185207  11.280140071604468  2.316303329909198  
-16.044497241884837  14.988721321174118  1.1450699637851678  
-3.3524612244893603  -5.475120658646855  0.41491374964800876  
-15.006273480737393  -18.77182339129957  0.6459242523978942  
-4.6550555302621035  -18.99878578068311  0.08669125513020681  
16.911602259046703  -0.6218756861468435  0.9879272104878273  
16.530763145106974  3.4085955628369007  8.30255224194717  
-19.509809546308603  10.241456410377772  2.2269290576743934  
6.7210825544266655  8.268417302936385  2.368297005725656  
-1.164666879277057  -6.084868874847125  1.461151567024651  
-7.1027996312216235  5.643288408113939  2.487319144759558  
-1.516655082644732  16.454030699684246  0.8484248518269468  
17.499256750523983  -12.840465360918142  2.422311695277794  
17.38414346048271  4.916163936646992  1.6770444230621684  
-0.24956974032783208  -5.010829002243913  0.16606194611265362  
1.1680717483951  -1.554529099434511  38.52532190566597  
9.717947962061398  14.447594863512904  1.1159041213989358  
19.10266630938844  -6.951530590660759  0.9674294709988132  
11.51716850543351  12.863252342924802  0.6416617423168508  
1.1456051819230204  -12.27899722813289  1.1168043720934997  
-17.93502855151427  17.375531700292598  1.4132637766947311  
-12.499887104663134  9.58133824324431  0.5060431283058381  
1.7887232318808408  14.317118811816016  2.0603004455071723  
12.079045528907137  -14.334146698957163  0.9488875508140369  
3.697052182233726  -17.16290913753849  1.8607846018703493  
-8.716081584870663  19.043579777752235  1.7375660978232397  
-2.781304512526752  -14.579034355000546  1.7813838996443243  
-0.49486854650803025  -3.094159133271269  1.362423543981199  
-6.7843408227285895  7.963988342710664  0.3163893878473231  
2.749629268642426  -11.71276356640825  0.3632952650732807  
-13.423059364106539  12.053881797907842  0.69768669794082  
11.802255053523663  19.074226253553718  2.1973913970161343  
2.7990818012743865  -7.880679607923335  1.6729946592529912  
-13.672951257577433  -18.0424396518655  2.1334565100116087  
-15.040231694995288  0.10038185198828131  2.1746375282258334  
-8.685269824907165  8.98480693581618  2.3069707088060576  
-12.509236133320112  -9.702784052060945  24.144246573371813  
-2.7173698841544933  4.3692298522982576  1.6961576695314537  
-6.843600928401861  -12.946809939089349  1.8587448041049057  
5.633308298653841  5.211261484560872  0.4035648721476487  
-0.35611969857368564  7.928753267015228  2.1356158095671547  
-9.421883704229156  7.788822776372875  0.7529825634170345  
-7.828330164696347  -14.97772495828308  2.1051634573577274  
-0.9680511487454524  -12.92725500787435  0.8364656104703044  
-11.477830189574885  17.094110663007314  1.6315870398600176  
-0.11456358949551415  7.123535557909811  1.7712256180848835  
-7.095010628219601  15.150130044516459  2.274401978877878  
4.060834110110257  10.025739984506522  16.940324243010856  
-14.942987499094041  14.140979065060847  0.714383787030265  
-13.242155240068879  1.0161556022556795  1.0027666969576055  
0.9855431711171327  -6.566692556599003  1.1481701738157992  
-6.7043596795724625  -2.537857146015021  0.9802633458410639  
11.760761710354934  18.709220601804297  0.09878775211608293  
19.957316128908126  -0.6537193627577835  2.059587124672008  
-3.2362527365806706  7.9502029782307595  0.2143676495514668  
-8.75695076775298  8.913619488641853  1.1161307495232962  
17.796321990418875  -5.838228875192941  0.2523173559013289  
4.938185244968825  17.13778834028811  1.2959258806667604  
-9.541045690161605  7.495087661129247  1.571212719847074  
-13.597476399860057  4.6621922498083705  0.5150582126835581  
19.20298308154213  -10.578193360988365  2.0776770723473375  
-16.512956804666302  14.872560112214572  1.2470766885811995  
12.463409276834113  1.6183906259421263  1.700512228093924  
-16.51568226249435  6.757091974078584  0.9831627302359305  
-15.721502340616386  2.216144731887578  1.5893473551560298  
-16.481123203862058  5.210450355101202  0.8748254985510856  
18.802452607507576  -7.9267673773630065  2.3600716004748232  
15.783750245583441  -3.5621473518585276  0.693887715919142  
4.117407919408951  -16.275093666718973  63.659059565630585  
-0.9705368671722923  -13.884493679423112  1.369529014327111  
11.75097774453894  15.668212242806625  2.3452459672322945  
17.711716565437037  7.9636514386417225  1.9871514720781547  
8.305633218609877  4.637422606775495  1.8069455289576266  
0.2040106290513748  0.3884388265690859  1.2588333152671418  
-4.3938644458507845  -1.473565554537224  1.3696317001168044  
17.481461916513993  -1.1510859553748745  1.6001364341849564  
5.7712940384233455  2.6143950191909546  0.6079926885274489  
-6.317945309326976  -18.39465466737259  2.0730333741395968  
-12.38371345484406  1.7507959862586446  2.3148981983769454  
-10.048405345775855  -3.4948489001020846  2.079718985207594  
-9.20820537940791  11.15629815740835  0.5977533664410833  
-7.021405486137056  6.462676135101837  0.8170732658470048  
-15.933790474203867  -1.5044808925336497  18.21374268711213  
-10.37464356218556  -18.7109395059828  0.6265398584539011  
14.157152057014486  9.878047048214942  23.28601233759108  
-0.9385083791323225  13.528460669499005  0.4991869366845783  
-18.481443732496334  2.4439325946398753  1.9180957592954533  
-16.193862414365725  5.956869087845604  44.96273979300703  
-0.5104236960679103  16.189895304546106  61.71753179136333  
11.085110155903592  8.399773952460876  2.4661794782544453  
-6.788446334242725  7.692508246590503  2.096190518736033  
5.909248048604304  11.524929618900902  1.579188388979447  
4.71930261057091  -1.615398052926924  0.7475528703127623  
7.280206987801012  15.266459554642871  1.7953491854323198  
0.6129626367190575  0.041142327861773964  0.31914221341068083  
8.929931186890098  -0.46343167384759454  0.2947220228821948  
-11.283331684390534  -9.869166775487672  0.8181866745660651  
-3.9999209300204974  -5.118901922367662  1.9930501562427283  
-19.869719065335136  19.689687070099012  1.9763911344589278  
-0.9323674312673127  -19.264822368177278  1.9065311925420605  
-16.919555557713647  -13.627175831415844  0.22232859164418445  
-3.0770477374765264  -11.064769626372817  0.2498955640279693  
-15.022801467119905  15.34073728870802  2.3763967431359516  
-10.493480082865725  0.1435643110078466  2.152556922134009  
9.082415833659716  0.6362864725753923  0.7656045053538216  
12.410626219496017  -9.158173730845203  2.0026014342727287  
-17.803697114188147  -10.291338912056318  0.08045454935770052  
-5.647753246181635  18.5495421222562  0.5533801435146626  
-0.23178808581885946  -16.25943402823827  1.9211874120703785  
9.02336371858533  2.924008031551189  1.052471279986935  
-15.161966821592197  16.434883297102168  1.1056529035118399  
2.7249731515094666  -9.602218881941189  1.2777769634469371  
-12.785614604625062  -16.082948784194237  0.9360744276238322  
9.191039036221586  -19.989983640751845  41.5516565337001  
19.295888032990092  -11.590579256253237  0.24697121027709823  
-6.991366836280481  -1.9120985837014004  1.4399136624826012  
14.941742203878341  8.333831046968175  0.6815052627591365  
-6.9594769835774315  -0.5655635207613443  0.17924560199122724  
-12.202122565055621  -2.5013380866130532  22.635165251352614  
7.256448037971317  -17.321181712807373  0.578183046004041  
