Customers 250 
Coordinate X		 Coordinate Y 		Demand 
4.6731045128329  -6.915909477022952  0.20508966822876257  
-0.17546835381249792  -7.074903472073279  0.8353146480484173  
6.776212867207118  -8.674793588322519  1.425676145667659  
4.458803770047645  0.5174666968277855  1.9575400632182043  
-1.1514003364960352  3.542619053366069  2.1820009089911014  
7.279335209345209  8.947696015972607  4.70466519800078  
-9.666497931865676  4.898392715409866  38.04952793670399  
6.782546425469867  -1.4494444299916225  2.1296440349670527  
6.908581699933581  2.1706481416041363  2.317853639836616  
-9.971453109871526  -1.2353989166653072  0.2799732501501448  
-6.84498978166676  6.868972160159174  0.9970523980841267  
9.466103887824005  6.677877814268442  2.2169553569319653  
-2.3796434619181834  7.823697755767476  0.9384339264986261  
-4.05952600041243  -7.100937774691203  1.245223941528081  
-0.8966062992703385  0.20219224030624083  1.33875287905289  
9.212223531069657  -5.792829200258904  0.15954888976217024  
-2.0110406971709445  -7.094733504691833  60.980273995405604  
-7.684846506233338  -2.567042491372473  23.864468774073785  
1.4609849778668842  1.2968394934885001  1.5933959956752628  
1.0814695585920298  4.025125083016974  1.9909048020537214  
-3.578172211200079  -2.780019539807139  2.261801172265083  
5.162305288999045  9.75447621478186  1.2522989792978438  
8.94602543570937  -6.747550081956519  2.2084343983180705  
1.871738029783355  -0.990871500190071  2.1620816205674496  
-5.9034012522868835  3.1548692772174753  2.299789443237488  
9.182411570225074  -1.8660785178671162  1.2914438005260251  
4.932028579058759  5.464644237948228  1.3316404132782433  
9.200898848222504  -2.7328661987329683  5.792156498217586  
-5.467968080359594  2.188762279951993  1.2340271726013572  
-1.5490780566788267  -4.872356281268977  0.0750317957264876  
9.870262402711319  9.548592932637849  27.984262437589322  
6.2925627743018  6.205652069097084  1.9294211399268208  
1.3620571888147737  2.7298163162095506  0.797287815537512  
7.805580706149641  -5.189904899911975  1.7190829370625782  
-3.084638183795465  1.5906013459484019  1.6119622712542847  
2.4649721211965527  5.425871164459572  0.569868177819217  
-5.687052006768429  9.281163113099232  2.3683509417103603  
-5.063117056148226  3.834008579168726  1.7655802088678736  
-9.245936775462644  0.7278212816834504  1.5067283425138567  
-0.6769817365788491  8.447897273463127  1.3554100844710881  
-6.6163803530618015  2.934684693324453  1.5954918016391837  
-6.818347555161464  -3.6812927799445134  1.769337853148455  
-0.36293471182230874  -5.943911361230574  53.444366051290494  
-7.346616575225699  -6.736874043227255  1.0293886100055358  
1.229050041814892  -6.807088670702745  2.0922361288056996  
5.019745460792331  2.5665311892982867  0.7696355446567662  
-9.385985776770651  -2.1341136590582144  2.1934157041557176  
0.02280659666183915  -8.285267876498594  1.90283972804181  
-6.253170267607646  -8.880951259408864  1.9553810529411035  
6.273880757714686  1.6073956669839244  2.3966175455880347  
-2.0283871032995755  5.206428537648378  0.4007214513253918  
4.079474629878346  7.70629099932658  2.247026209197277  
8.86683469818373  -6.184875747068905  1.8552811000377734  
-8.987406277154326  7.571470587816009  1.3624581996302063  
-5.125141961790176  9.777874867855168  1.687354192096402  
1.5575398409521064  -5.761481087039215  1.695735276657428  
3.5440222305657656  -9.771736905408163  0.9484002290346507  
7.156314378443469  -0.11001316843428377  0.5872924428893469  
-1.7885999452976655  -3.8483334088843275  2.1906693987789665  
7.984761897879231  -0.7258564132690708  0.40734255453328094  
8.954355755661958  -1.7149118753183963  1.8621292159976033  
-7.213427270308907  7.324166627719109  0.2099124679040465  
-3.3609732107232837  6.318988013171115  0.3040827782359845  
8.093273240188882  -9.569103966348978  21.79999384703652  
-6.106147814271559  3.354242546276776  1.001868925961852  
3.158326827370413  -4.177720782597678  61.01061332690263  
-8.163723560466751  -7.432645154790885  1.364036131325613  
1.9334714606066505  8.502628680348234  0.1664358611270625  
6.380753736193576  8.03704171388334  0.4303789322693802  
-1.584582133359902  -9.795179270496668  2.0545018244975544  
2.9561714398020573  6.685324281374449  2.034229239704305  
-3.3089644809277203  -0.19144162526221464  48.32131961028228  
3.4608276356182355  3.286244349470472  0.0693919863155043  
2.009148596627268  -0.32217800371940264  0.630327586384814  
4.283078522658668  -4.504667095992046  19.19245411489899  
-5.792931975714131  -2.62936378440239  0.8067262051837465  
-0.7842126789224491  -9.14704446496004  1.4734939465491355  
-0.18001302201621883  -2.8257229931104044  1.026404143465429  
6.0926948107151375  -7.285341010653443  2.182670559765039  
4.201360453538751  0.9190386906131778  1.643966125380138  
0.9748406323937289  7.061648219698089  1.9262694833763971  
9.98239672753487  2.523698704349769  0.602052303730648  
8.715158001535855  -2.855491233350465  1.84440969375298  
-6.801213473764587  5.725786828415  0.5167404976599127  
3.7293645581851287  -2.086685880922399  0.10871331782373844  
-6.587208975270129  -0.5501977250364547  0.0795067390785334  
-0.19871831124076778  7.18722826987878  19.076550816073755  
-0.8411820803463659  -9.73351065870472  1.1136357710295202  
-7.249301065860678  -4.483261506319889  2.0899070498398897  
-4.959390173070166  -3.603693159520967  0.7479714368675472  
4.791915372390532  1.691640036874979  2.015278682219193  
1.8081651581634581  -7.28979009238466  1.2958978397656957  
4.411074441706271  5.847897763057677  1.38996174387473  
5.742526008938478  1.1808700071228238  1.0524415280765584  
0.590429903323809  -2.8734934068193096  0.7351514160369446  
-1.323454088920851  6.23746231919414  2.347386349745215  
-4.792344017263193  -2.162514530736801  1.8652259550853887  
-5.020226080722871  -0.5228594806467619  1.3172899833287004  
2.4383297031975104  -8.917884494896125  4.481015450440982  
-3.1644260063783385  3.1863264901320747  1.9842945152510785  
8.989718268378624  3.7865616721864193  2.165759550072157  
4.138603780470762  7.124939896181786  0.35462038749842856  
-6.006015541985215  2.099991813474773  1.3226313724581227  
-9.659220051160792  -1.9733073713609262  2.3746347256518905  
-7.61105725561791  1.1103262238103753  0.5150731545061527  
-9.426140897875502  6.26856962279566  0.2073852527346784  
-9.385508538600686  -4.169264387078089  1.674479751819735  
-6.623251541663593  -0.8373704514465032  52.73822037477641  
8.45284017415263  5.410019646678613  1.062133022757762  
-7.644317081756597  -4.676760721878621  0.2772699257794861  
5.840662796033877  7.519983435562775  1.8486072615931066  
-0.8946132620848566  -0.43712243241340687  2.0320277912385434  
-1.518700375392278  4.87294610314348  0.5556317206813501  
3.71934644129632  2.7696237939681865  2.0873421082085173  
-8.91486756410159  -9.177504921763147  2.1358010778695906  
-5.782681893325772  -3.780533858695776  0.20628864660371476  
2.066259533501798  6.0006236708019856  1.5905244539181707  
-8.781798227848569  -5.223456263724868  0.9294670082199599  
-1.4764067469144138  2.944365724269428  0.6516035940213938  
-0.8136056779314149  8.434458468019951  0.5557276133130216  
5.334507265718321  0.6650590928985167  1.176830762320702  
0.5797620931506291  6.651771439682477  0.6464881798511282  
-2.8108427763286503  -3.8866376833151195  3.4169258117486603  
4.227341135054331  4.934818147216353  0.6415313572655359  
7.3936007510297586  4.4931462586364255  0.8807022696771172  
4.26490651310208  8.120960164206757  0.2991738074789216  
-7.730159230208608  5.377387610136516  37.722091529979735  
-9.043477686829887  9.815402808877721  23.425848660615813  
-5.01908287929139  -3.4208087553809357  2.2877555760397668  
-0.26979296900641536  -7.565298212550806  1.4679288267596045  
-2.390825507134517  2.7310634078910887  1.4006550247758307  
9.755832711379217  -2.689916925393561  2.223874556707712  
-4.684174786254307  -9.474438615777112  1.5386713171125  
8.39338551604213  -0.6962942692315739  2.439272751622758  
-8.59006016883291  7.570445649854996  2.3279651118217544  
2.8397145792195246  5.390984615348831  0.0729823831533763  
-2.8450164081966545  6.811459407983907  1.687058068218775  
5.301889528208783  1.6621061229633494  16.30956295131226  
5.141028618424723  3.475859877748073  2.0411867786821176  
3.0252978493194345  -1.8041432670024005  0.3185781848342048  
-9.949236682154435  -3.5101754078515697  1.6295828996163484  
9.504599347142701  6.258891091989977  1.2786020030275136  
-4.352572221370787  -8.67713651507577  1.9310697224141604  
-1.7943303773138908  7.283565528719844  1.6170035565876208  
-8.187204352543374  6.2123545078888185  0.3583665528753352  
5.126655033683335  -1.9225405998813088  0.8152159257142741  
-9.536669203825346  8.721332515664834  0.4964899671731299  
-8.47373772905837  1.7177127010919904  0.9352904447069116  
-5.827355218140173  -5.417343837130706  0.2856449705796235  
3.1474114215363116  -1.4166990047350865  0.05799042505381047  
-3.671627167910845  5.78267405702605  1.6739938418154618  
7.2643728214940815  -3.0216228571790342  1.68783433220095  
-3.3483938703287963  9.837520425685799  0.8906960803910104  
-6.1184820901209  7.79980132948144  2.08797876465972  
0.9069902314134453  7.215161988065997  1.614607705465643  
-7.588196954180891  -7.298015150518699  0.6328327855187349  
-1.3683706676698684  -1.1436792237388964  1.4390322991373434  
0.16312052369907093  0.21217436199577833  38.95186892462132  
-2.2890927470520195  -9.252599294188293  0.15791332791450063  
3.960626956374467  9.249301030792033  2.278489753894229  
-0.3706349898744712  -2.501461680653831  1.5238587010453128  
1.233192947386513  4.499516647200167  1.238939575198092  
4.224745402008578  -8.120090175579936  0.7533886827050504  
-8.107918609189158  -6.898451552253051  2.048985304661811  
-2.2266604498455544  -7.730589770092875  0.6797966824798357  
-2.6700095778935484  -2.9050119789760114  0.45142472216564256  
3.234758495434418  4.964838043171444  0.07901476757879694  
7.86858311074602  1.084650634493677  1.9602111484449372  
-3.5157493653559957  3.313705355688171  23.954485099826197  
4.9826272520074255  -0.4258821573927367  0.7981202096359263  
-2.639305498070293  -9.386200522226517  1.1071475023334687  
9.628871372021088  -6.578399548003584  0.05527178657993154  
9.358391407252164  -1.2623770463631612  0.23877698121270274  
-6.992217163349686  9.871235450170705  36.07263834832065  
6.7907792403558  -0.5661656078740567  0.8676557285470119  
-8.913727162805152  5.612952334354622  2.3497510013781415  
-6.745801342012703  -9.741182906610902  0.4533766159109251  
9.209529822157979  -2.67597472188279  17.054927797409277  
0.21982834347310742  2.0914983538601906  1.6583246964949463  
8.13009404568287  9.145441655044706  1.0367446764283899  
-0.41807542028819533  0.18454657880258907  2.0955093130416236  
7.7822880963759715  -8.453791129461067  1.23035715423128  
8.990480781610238  -4.294928381985381  53.65615163652325  
-9.869861687702725  -8.971272810228792  0.20165817742682168  
-6.203563880456786  9.71794874841034  1.1420316869698732  
7.416904181009503  -4.871650828230019  2.3097083893240145  
-5.562439646240296  -3.435101873422388  0.7541470105242134  
7.144346607152482  2.160258315055197  0.29677051008188543  
-6.906864482346475  -1.4075609080541085  1.7111372930232833  
-9.89014472432141  -9.833217988632075  1.0146108307150503  
-1.5644385791901527  9.181846524305783  1.6498020349303326  
2.8295646521110633  4.518271263896638  0.12556307579961512  
-7.692989174848162  6.034235937881746  1.6819398481116838  
-9.32442100302733  8.6206707602106  8.820603928319013  
7.149258135855014  1.6638969161078183  0.3082874732312457  
3.0554348926652004  7.182902964616602  4.7745525002775455  
8.014807013318766  3.053009168899905  2.386322059612113  
6.9619256832608585  -3.5028112229317987  0.4036710187121123  
-2.012559401149039  -2.5791467830176718  1.6773184392383844  
-9.778588591897208  1.1854375130521255  0.42846294377340166  
-9.159675918308087  6.060655498491844  1.1230499321339396  
0.7687396727571123  1.8648229401280432  1.9113277938032094  
-0.24022489560509008  -6.802820246594859  0.6275255137519518  
-6.723096130565702  3.1856738042096193  0.7612279787127418  
-4.037159772148522  1.8181980735137966  0.24415268254928318  
-0.5304383427750903  -3.3051938389124436  55.7196950026301  
-3.9632110703349106  -6.56703654272937  2.2937168653492366  
3.4445417533952316  -2.0225825473793684  57.048575941158  
1.8286599298943607  -6.2891909384071765  1.563568505432601  
8.33645911486719  2.5306721762928355  2.385275977493666  
1.7129810036242645  -9.046999688717515  25.121270578187033  
5.646568796302274  9.822099832620658  0.05702897299608378  
7.065786196538724  -0.6490383691170614  63.75706287717984  
3.5679796069951397  9.985935446143497  0.8314764050786566  
2.7730580104524076  3.9840079829449397  17.2404292528668  
-4.365643786131099  -7.389478890692931  0.814780492293683  
-4.398281376013273  9.50970163641659  1.570370159475676  
-3.9797702303035543  2.069898993984358  1.4810710218096363  
9.26129369203434  -0.5000381840662076  4.829327565428731  
-7.178952945055657  8.852718601280753  0.49869188435256145  
-0.015623783535826163  -1.6239501091008925  0.384706518126495  
-4.358919850485368  -8.658417415108167  1.5995695383847326  
-8.545985223230568  -7.104442393885668  1.741749500587007  
-1.1826779965789527  7.495959134066869  2.3295925507735737  
-7.093853688458465  -4.8554761559247535  8.37947978353085  
6.607494244011754  0.8917806320865083  45.543841749892955  
9.23521040545949  -6.012201072968049  1.5000803855060894  
-8.32970994442225  -9.429141188518118  2.427930598205092  
-3.068945307146784  6.930789548515502  0.12193778904289909  
3.165981002156377  -0.8467592587363661  2.178235237884229  
4.675269077588354  9.34570587563162  1.2971683513113177  
5.805506010009138  -1.334375308482855  0.6457583937996461  
2.4250665759697743  3.015433630020963  1.7911220092335767  
-3.823823702033504  -1.4610292095430726  1.4396637120512812  
7.8128382006100345  -9.05184239383001  2.2427384404417516  
7.672112236944624  5.228422688075858  0.15848366839989386  
3.6895075895754914  -9.584135349621759  1.291651168772877  
0.35754518176872985  7.908669628052522  2.2685208236969503  
5.639808775442765  1.1698479397061217  0.04235877798749621  
-2.908895720078519  9.697872741644627  2.0663861488274704  
3.2976126495666556  -9.213663439104465  1.0158527395238501  
-7.7607874913340025  8.863281835987848  2.1885646933191634  
4.289426857296711  4.095378040040266  1.364093865357625  
4.306724015102571  -0.5383351485996606  1.255899924165682  
-5.365802787359035  8.646098568056534  0.7477267241414001  
8.812915834737598  5.867679091332928  0.3658861708270014  
-5.572471635431732  -6.838536344652595  2.4024236032853357  
-7.259025741237375  -9.35669643165544  2.27066149015669  
-7.361542981145859  0.9356685800715336  1.5442479325732303  
-3.1109153957147946  0.20146499701014342  0.20358958628166002  
