Customers 250 
Coordinate X		 Coordinate Y 		Demand 
-14.350116836187434  5.791984352427651  1.6094551075058114  
12.757811051629883  -4.625830589409281  2.1593373329362713  
-2.9599731414134283  13.399411238504705  0.42276134291554274  
5.9495137156694575  -4.168415290277638  0.6517268390627065  
8.331344355296856  10.140351995238124  1.4413987281679792  
-13.624140734983216  -3.8662491692184187  2.0483869859057426  
-5.156330967558311  -13.773160654634731  1.874350979873267  
-12.656313724374169  12.015000700468196  1.523816450370659  
5.95903753135002  -7.043958444296865  0.8787880753896193  
7.966892207884484  10.3382650828678  1.1195533138585891  
11.786911613877585  -14.477742127395278  1.0610184824260969  
13.619192973155457  5.692165300739539  1.0669807257798176  
-3.503735644340072  3.0377770604846646  0.15093380754626656  
-5.325159612322858  4.411808539468101  1.1713205630945376  
-1.568265541484429  8.067280600994  0.2815864147945296  
-2.5955011053947867  -7.922022594577049  9.553996155975408E-4  
14.63101457939008  5.480488762471598  0.43054094750915983  
-11.606547351634214  -11.950601183295959  0.25121970416744355  
-5.139322317048418  -12.07227136143947  0.7046400251470758  
-8.650654540311908  -11.917214984395851  49.05216303067198  
7.787624526069784  12.74311722471636  0.2748249923050311  
12.66662938935329  13.5953284280058  1.9118865524635384  
9.403336388238756  2.5800384079781615  1.3926519731357947  
-0.38507975780366266  13.624337571107478  0.8222137617093389  
1.318123532250329  9.583615208873717  0.04514423872916895  
-7.481562685980451  3.038710710364086  0.25813478691151  
-5.957444479164748  10.404850562894268  1.9296216435706026  
9.79372094908895  -11.943079167526161  2.2028659034523788  
7.873264544131018  -13.138867607525189  0.5551470024337077  
-7.787185574913824  -12.373788011942121  2.0350451520495683  
-8.499697704241825  4.547789444442984  65.4384493245775  
-9.740901864748338  -13.282313841199821  1.4497434427332698  
-4.046754647839801  9.20538403262351  2.197434978463384  
5.942961914039465  -4.908029355589745  2.0070701542707963  
-10.996767501285014  -1.8525716159212262  1.9845148874775145  
-12.055500770811332  2.5901600998432635  0.8025131143645697  
-7.361881995080266  1.5532154225381625  0.7987423148303829  
6.450424956268336  -10.49529533380575  0.37815397285000635  
3.7279406089287157  5.930446887700668  2.3760487411676063  
11.552385035899086  8.084949278054705  0.618899393386537  
5.497879473252873  -10.447651046588806  1.4536294864321473  
-3.426140940843954  -1.2679961391074137  28.77515856344802  
-5.074100222372795  7.173966960574273  2.343649878204244  
-14.80715781373288  1.9376246908105657  2.200078390091164  
-11.317739671558055  -1.1676837597219443  44.07138278939855  
-11.272516025217604  -5.4781858771138605  1.638565331456805  
7.728087415365433  -4.964913322037505  2.1165959346186227  
-2.5481153960740226  -3.776200038532263  0.7820870063938529  
-11.809811140823385  -11.857417312029598  1.9932956361925946  
-12.690772811106793  -9.798893627503688  2.4885416726448333  
-6.3706993649880985  7.247592002484371  1.3853581612345323  
-9.11056428054901  -11.508608754210945  66.51309383943325  
1.318954096641633  11.3578584621831  2.1087982303618533  
-10.9614486017984  10.991734414712226  1.7862242225559875  
12.652155068393903  3.1858645060780795  2.153850551664984  
-13.032996721694843  -5.989925783560945  33.353380244821764  
-14.706951698291359  -6.649406146001555  0.7563260593046428  
-13.776026200869262  11.943475682632524  2.1703670477144907  
-7.809223779184123  -7.7040286379943765  0.1951948975521206  
-8.594960633537669  3.137913762151747  2.3844046279911644  
0.07269941955075865  4.730666413942263  1.1230370274572563  
-12.039729294007124  -1.5157332879551575  1.6012657046939236  
-12.465824012623976  8.893942747799759  1.361000821101375  
14.969990794608602  -1.1948016354387683  1.5235176480580224  
-9.657908509976838  0.4522511383926382  1.214910352981823  
14.255367275087323  4.587623288859234  0.06798663484688938  
-0.9306854454014495  8.331239564879674  1.494161995629236  
14.691032017812283  -10.884555045469853  46.698783531358806  
1.677275025466372  -2.7121166804097214  1.0400508241132103  
-11.91308163031238  3.5572428107038654  0.8366127796445708  
-8.836147171717712  -0.4725918779259022  1.195167753187191  
10.506491990050833  10.063607105036475  37.515075092912724  
5.893757744683356  -14.830295551998537  0.27050793035469145  
-9.61142233980859  6.428804285384903  2.489504019642314  
7.728593375908755  8.869917536220886  1.6919304704173448  
2.3399604249625163  -6.628541379058635  0.9567835858857141  
10.57379063875738  7.397896754969107  0.13261119100044544  
-7.03405152257197  2.98894473205581  0.5055739458138122  
9.45960295456985  10.481194825510165  0.5631281179668011  
2.606090673663953  -5.559830710555611  2.375500810182082  
-12.226662477712507  4.716307066204134  0.7758206937829484  
14.342229606651319  0.41143411332048174  2.131582013304863  
-12.239969741022387  -12.147165773757965  1.0650632214330629  
-10.853916650102976  -14.579929220430538  54.857714992474655  
-3.0912685771970683  8.255256613355918  0.37009349557106663  
-6.466458953449219  -5.489472435884508  0.7944409844744399  
10.341605702028339  -8.152992668428329  1.3120366878449792  
3.5928594196842134  8.397604420536897  47.32907793992356  
6.823022055187312  6.341537474214043  2.1817656057220765  
-3.246054844017147  8.611513916351992  1.304540499413399  
3.5058292628914707  0.06505013587804598  2.060237745651484  
-9.834078809129329  13.699462705444855  33.84651272491507  
2.0320047698637325  10.17560033540714  0.8779495334611578  
-7.949851787244708  5.0384433084760545  2.100086233773722  
6.104850649454047  12.583243301527798  1.8451491600278127  
-10.104098126894872  -1.6860891143024048  0.41856077015937687  
-1.8500540495922753  3.375921731175712  1.8094474179148161  
-13.134107110216652  14.219049749684157  0.782454066488306  
10.182027246488673  9.055777824924608  0.7224685244366102  
-14.721198750431924  9.429302737777906  1.0220039546823845  
11.49498675567721  0.39057199237353046  2.0221801319537107  
3.536039636960968  -13.593141866524833  1.692560728870962  
3.292182424804139  -7.8150892042901  38.1986705765665  
10.359905895825353  -1.910218661850415  0.39757632864320075  
-2.125760264908351  -11.224045375084  1.74713133539006  
-2.2896681721536503  11.02047637109106  1.7782495008598618  
-12.498460599054638  12.558303873039993  1.2483300530843577  
1.2474044511256963  -12.031833589088134  2.163968538984226  
-14.451429059014435  10.342746845491963  0.11880791176638816  
4.7068524942715655  -11.399920426113667  1.0026916808360355  
-9.932650353576896  9.853555431293291  60.84343400264422  
2.0556838605450025  4.256029812827741  1.8154056647675112  
-2.622928215132575  6.169020487419136  38.45204716800006  
-11.204837409407606  0.3810775674468534  29.847654952100214  
-9.202792423670942  -4.590087259355085  1.1641792836323381  
-8.72168603594799  -12.329040173721587  1.2853223915936658  
-12.858785844421313  10.480551993822438  9.530767619491705  
10.409136210280199  10.484974454637353  1.0346798903553391  
-8.911949600250793  -8.832820841824152  0.45395509043944765  
3.5907233382219417  8.581010460347809  1.176053633632911  
-14.951302930502445  -11.601681854625996  0.4982039886209891  
6.289471520701156  -4.272590724775808  44.29007200982813  
-0.35515172712396215  9.971804930128254  2.129378188741579  
-7.91744053844199  -13.753658652027466  52.39896136556416  
-12.583018947008725  -7.446813760225907  2.3152902072456314  
7.5558999913420735  8.043392737740337  0.9036977295445168  
9.878979613919025  2.250164063998543  1.828749786741881  
-14.080264337887437  8.178041757152243  0.014052328351049914  
-4.463494436748748  -6.432219828972716  0.6466790229526959  
0.7090767046415767  4.529721024612012  1.5620310371471815  
13.986296720713977  -5.950977588631151  38.25033578236484  
-11.56383314093556  4.6141438571209505  0.9019239209197252  
8.713596376550875  -0.5944545691920329  2.432552502385619  
-13.437839980428873  0.10458835173662173  1.9984867232924743  
8.704876103095824  11.443191373541445  1.1458323931271335  
-9.344802996020887  -6.887174537003265  1.713308617150818  
-13.506934597382283  -1.413005072995718  1.9442740411506108  
12.102077682239482  -12.215622504607971  1.1640866160195853  
7.7524568827961  -13.689631652436853  1.2046349922569335  
-4.759296753915439  8.262795776904749  19.554814742248137  
5.0604870553833905  12.273142995515297  0.33097305205487926  
10.280484524421158  1.5776428151093675  0.2689550654128173  
-14.056431621547837  -11.526833628668628  2.0752394918979866  
5.8779007379265735  1.510871948683107  1.4509516897977663  
-7.175826691664547  0.21613051102785796  0.6446461300684572  
2.734400350620625  6.9962810786436265  0.3098609413588124  
9.986344417036698  -10.791669937944613  1.7774466345389184  
-2.916176281995023  -3.8932573436244375  1.7746059787383328  
-9.823170223404652  -4.422968514475844  2.0937729990025393  
-9.563456563625966  -5.816114604823801  1.6387754421317346  
0.9590232541201935  11.123139412694641  0.15316699833523545  
-0.5524981306287486  2.1649189300284384  1.7661808368441694  
-11.56309979820286  3.610853447977977  2.275448674141095  
-2.724656231948165  -11.338707684966748  1.8224454344096381  
13.466137349797574  -10.600999671212827  1.806560781101533  
-14.7001807863052  6.843870654169798  42.50124947535309  
-7.030399542645793  9.21872288806033  1.1360311143941555  
11.564652787968598  -5.3106861742246085  0.5429825296129855  
-3.5256090113779823  -10.597774294535913  1.3976930086327932  
-10.186935742022944  -5.357645216058771  1.2541132381923157  
-4.512362172717152  -11.632745353732595  0.4103041963347015  
-9.51687069528496  6.248654468176081  10.084049617763874  
10.828221496715152  -14.338000331424578  0.03970496829218517  
2.530163123769068  12.812926557702884  0.29850621790465187  
-9.468381088655818  -1.6248855853150772  62.475905521604076  
2.4433236969366163  10.637019607059113  1.5905708733251385  
-11.554946332697432  -2.7844685380675465  1.5495003963757001  
4.323607058280832  -3.107358470778575  1.3846312394303792  
-8.869854961082845  2.0667665252793412  1.065776724122446  
12.390442752682635  -0.3165880487313615  1.538188232723088  
8.190236889355951  -5.679602136920652  2.3019479652490973  
14.784058457645667  1.3509419374357563  1.2494744351376594  
-1.3604041378450358  10.793407249233265  42.071481765257715  
-14.969193456285737  3.5796084996621964  1.8520922924342975  
-6.5683285386529455  11.534071221867801  0.9375992693197435  
-14.961347386819089  10.354733895805644  1.446230419792482  
1.7635968815939655  -8.678911251774318  0.22334476081983162  
-9.010011829442746  12.328835123967874  8.672709631355687  
-13.725875686369191  2.1606364745958224  1.6739221422052841  
0.9989824401519805  3.650651154412337  0.5642273089810373  
-10.247819484536027  1.5860294308261196  1.2171345507984654  
0.9006424132696651  9.811620236559932  1.2722535915332815  
-6.526771448477749  -10.935307560155008  2.470049994277852  
2.0387722240101986  -7.435496129810842  1.6148670733855341  
-5.2193715807579615  0.31710870234593  1.9763736701868186  
12.420026640685887  -14.531159269319435  0.6135226994763054  
-10.970826251892886  -13.147551651630407  1.7950463696463972  
-9.89876252162209  11.117918420252476  0.8335818063334566  
-1.4919930981271818  5.525557060500187  1.2467107737792735  
-14.822796527181723  -1.3980467359322137  1.2075144679485401  
-1.5399177070796313  10.419997055092  0.24968556076745918  
-5.763865732457884  -12.737838670706982  1.647805662476395  
-12.184615960732787  -13.138177462100327  2.302088517378009  
-11.350068768613246  10.290413791715949  0.3187051357729201  
9.755071125940443  4.868783485149926  0.7917484797469604  
-14.433505359304563  -10.770844418828004  0.06096203919006116  
-5.276258774427861  -13.160363039298137  14.04235041240344  
7.971245978272368  7.926285124251429  1.0886848695667513  
-3.9929933199912533  11.788261384955646  1.314834363753027  
-2.3149498104188933  -8.00032342577073  0.20246687613871106  
-14.508436260490473  5.927258554091953  0.9585466211828303  
-7.334272681214673  -12.633969946768115  65.06346825723402  
4.724942079321021  -13.094271680016607  0.8306880351430537  
-12.519658282114765  -11.111255068855328  1.293747085802047  
3.8921284306954824  -3.494091000495125  1.3537960643890066  
13.315453557682815  -12.300505262765125  0.7085226972507739  
-1.1737569240043495  4.103361494544025  0.505042846690183  
-8.607479389688157  13.248199846581016  2.2802749904078174  
13.670469079924185  10.69539712047862  1.5066102273376603  
1.1556428551754365  13.636077654870068  0.34805675306632866  
4.308403395271139  -9.197572205025578  0.7969789952595152  
-7.90116949804771  -4.713537416142238  0.3796182996088257  
-4.819961567602938  7.046926738447251  0.58977290590573  
-14.400014923212026  10.508085242302112  0.6343316655804365  
9.60054434843223  -0.28530758036004755  0.9517980421243735  
-9.371215776383854  9.00548766196372  62.64224698928102  
11.199050587125772  -8.896903925451525  1.9569193029098781  
4.695655619895238  -3.108721537884888  1.441232644471768  
-8.405393463425813  11.961007096769684  2.0974123174445616  
-1.0909771644042117  -5.7451007257827875  1.8479075215530858  
-13.073484411067941  -5.174919572698791  2.259434045803888  
3.508022169286427  9.842602927443945  22.033636665786823  
-6.6437764130784664  6.557090630616983  0.19425053138467624  
-2.2621363210952197  -11.096679685351502  0.2691333837594853  
-0.8420433882043596  -0.1129922625977926  1.041863930213214  
5.435037005683224  -2.244889595518  0.47487655358531333  
-1.4847133611195389  11.266494399870872  0.08867860467053845  
-4.810461885457848  -13.873118728388414  0.41594407236327874  
9.640821579973107  -0.1624830186421189  2.065847047060878  
1.4513150907290893  5.8300625291512524  1.896391684773653  
7.33619801520306  -0.1792438389207227  52.80233973953273  
-9.551888425292061  1.8149253053970114  32.56920392142321  
-12.390424407674482  6.12850542892161  5.448997515264393  
-7.71809827175423  9.16622947842744  1.7968335271694298  
-0.5321924037418366  10.50674238060169  1.1305907998007982  
8.07109866646265  7.092894087143698  0.6204029834951339  
-13.499514897791975  13.011064540819135  2.013663741059477  
-11.494270868795141  8.46636772658374  0.7033572792133419  
8.373039720518538  -8.878825598774617  0.8305015214303377  
7.682758799198634  10.9624017751247  2.247059691401621  
9.8460873709165  -3.701397951929561  0.6608077073819927  
13.588754965374402  13.36089230905472  1.895461029092648  
-7.561790506322755  -14.707651051236114  0.2643068146639993  
14.097080606067717  8.0585027163423  2.0736523433167218  
11.34934899448723  -9.002847775435134  0.743592737918509  
4.84679471606368  -11.651267358432902  66.89746022848668  
-2.2379802107861053  -14.830961549994486  0.6324215986021514  
2.8704603002657656  -13.475862102234604  1.3214312877390169  
14.137508809983899  -7.197126317662789  2.466092328467992  
-12.661963074387241  -13.644623858631704  0.12472674984761262  
