Customers 250 
Coordinate X		 Coordinate Y 		Demand 
-13.643516605427317  12.933519037231221  2.4174328077465024  
9.845935005470526  -13.107654357620827  1.4027689653655384  
14.93895756310662  11.225312775425213  1.5922194718990599  
17.198513650133343  -2.508915561789845  0.42369828294985895  
10.406852474571057  -12.175217502774025  0.9022788986960464  
18.824038979805188  1.4100072836724884  0.7733744847502477  
-0.9067233682228704  -10.334656209388044  0.09751481715312399  
-13.77704228199554  15.913176747133285  63.280707371052685  
15.770690902288578  13.306445623557487  33.57340022696047  
8.299855464551392  -0.9532096646084618  2.25417351613685  
12.374551476020137  -6.564651986750011  0.7941796411199351  
8.804138426650514  -10.94473454031565  3.6228390754929176  
1.5438415991308396  18.392826584576326  0.10706860067826118  
-0.3967613774997645  -2.538126632226401  22.584882011791294  
9.509752573232806  18.50405089096286  1.0312883383819273  
-10.68042489322725  6.595176738307234  2.049499532176112  
-17.13624024321369  -17.004109923823826  0.3482544070973176  
-3.137446015779215  -7.657487330361095  0.40934549244261265  
3.7363358782851392  11.281892452145588  48.35660665216348  
-10.613177822615718  -17.088213213840607  0.9838782444585801  
17.91756974984478  -5.603806534515638  1.2769264925180865  
14.208047283840571  14.38280261095344  0.21314964286163696  
10.450919875798764  12.357597137654452  2.2947708097169266  
4.207467397223851  13.829408915159071  1.6830395520705612  
13.231371938985475  -16.75491544261802  1.7871930171880857  
-13.74354150846996  10.793684126448358  0.9600148132607361  
19.139226381075233  -10.234002211476106  0.3477374859282756  
-7.807626326254397  7.893428884100825  0.8722083941057566  
7.240799662757947  -0.901850506262555  1.3940404777259894  
-18.12310316207842  11.344206386690985  1.8168955309375776  
13.587252009096012  -18.21289187273095  0.7450970586364216  
17.8681754565443  12.177187016723266  2.2994465135114392  
-7.857175668206775  5.479908699190986  0.8294183753728814  
-18.76204134895334  -1.0659634097875141  0.533832568125367  
-19.62629303154939  9.27644224265795  1.9166567235965863  
8.065020476495924  12.62011514635605  1.0597644706540392  
14.028814287886505  14.47976534383838  0.8902767404696319  
-3.8639069278142557  -15.30278301737745  0.9565411089313327  
5.643694656126019  17.52659091271972  1.2038509141375422  
-18.61443214252698  -11.102880255527436  0.858686489827786  
11.298840573417152  -19.12079755148795  0.788557276844909  
-6.394774514602526  -12.362823446708235  1.6034528016127845  
0.1636418879238093  -12.339958049009855  0.30445820078212643  
10.955226209357456  3.819218087682593  0.4652689023909229  
11.3572322933151  -4.189771069317313  2.253137027153194  
2.8076240575890807  18.792993535299665  1.5572102992068744  
-7.342518149332577  -2.4467503576105756  57.369930958648055  
-19.546348926139938  -12.73457641113708  0.604571273833374  
-14.410615748217337  -0.05492153471658412  0.6337256208705261  
-14.793980180059108  9.936898873882107  2.420614977692779  
11.424086497944252  12.291963699544944  0.07572483856237877  
-6.572507515572594  -5.354121793736635  0.03958105296617498  
-17.380185222390885  -3.782845098031288  1.7567154902750846  
8.016976416383038  -13.19695877301951  0.08702826009467368  
14.235945707173457  -15.842206400322043  1.7034635813282695  
15.884382209422647  -0.10376121487761125  57.3258797600576  
-0.14852954017732856  -17.926766522471983  0.7829851475448615  
-19.05449316308472  -13.152504681523997  0.0752255965764842  
6.519102436719471  2.1460384023997  1.8368810230805135  
12.16818243427597  3.003311669351028  0.35602930622926576  
13.286283456121076  -18.743097375730287  1.8176557651162972  
16.20094637448998  -18.460480097403224  7.1820314821178615  
7.8143304720061195  -8.985248051928547  4.3234675150727515  
-5.884519912626377  -7.938063522645189  2.3427449395994415  
-14.373020712081793  -4.876735446208013  2.0218006681483947  
-8.205932797679797  -16.815929594107377  1.6794403051651785  
6.5195693637693175  19.865071748934746  0.685899670592211  
3.4933265116624597  19.863124108388448  2.3257429368626035  
-7.339869944388049  13.484881801142095  1.4761081302477965  
18.1154527510296  -3.7244435879889437  0.3761095038929363  
2.9136037434497126  0.2527856449911994  1.494125132827841  
7.718238277200719  15.013436164444755  57.97523465865698  
7.920466485118389  -15.011024012148395  0.04649711855224559  
-12.204888677958387  -6.61714677200556  1.1767462030768217  
0.4609962544452664  -6.168842615718999  0.28700933907861353  
8.856436782913349  -12.414375436859238  1.0379842510983153  
5.6364294341627215  7.025871353267114  0.0016863793279076056  
-11.156651095235928  15.565559485471326  0.005867201658456833  
5.398269032828868  -10.475000495345856  0.17897900554910917  
-14.094657557217317  9.300514950323844  1.32399798140764  
1.9569790377436327  -4.831303534778533  0.6327164729250809  
1.072887786524035  17.321509419415413  1.77604352468647  
14.60133463160075  10.235992622964911  0.07040112565508488  
10.356319582172585  -11.759862809346737  0.22548062498954885  
14.45965285009759  12.144328314814608  1.1244249629832515  
15.802236021647701  -3.934469414247843  0.6739267951497527  
11.734179070684668  9.079257986223631  1.4887846874587716  
-4.961326465597814  18.092119923480865  0.043134631589243355  
-0.06013387137113213  -3.664410177836629  0.42887481576485587  
-1.1596973067094183  -13.86054612765272  1.510727926526365  
-8.32120805372696  15.151184774821864  0.5569357223048086  
16.24488831466347  1.9253131232209064  2.354756477489189  
-9.518522196359886  -10.185300140949462  0.3907358792325849  
-3.24772642884405  17.3533761014003  0.8871497565493649  
-6.753651334084093  -11.171506617632033  1.3380653307542414  
-10.862871584882615  10.496684261762216  0.1811453641722055  
7.808589649331896  5.907966549753205  0.8746194232437821  
6.4067254094061425  18.058163600337423  1.922772262458604  
0.16964272319100715  6.59856834875724  1.807850592684319  
-3.565023591037768  -4.910556928584132  1.84146532734761  
15.918605776184748  -3.7082615468115776  0.6443659084999942  
-12.196004723955895  2.749220285038408  1.2998909724113883  
10.376765925792629  -4.578979286658477  1.203449236997317  
10.384429311262558  -5.117564858466306  0.24806025342623245  
11.99653903367853  17.619599023238187  0.24428577936071588  
0.18580401969544624  4.201489559005459  2.371808852448777  
13.546041643433774  -3.379483554945324  2.4994667857132296  
-11.991853754042019  18.850770076126715  1.3907218965765527  
-4.38943180234892  17.680814182020114  0.6323534481593809  
1.4261186746066343  10.135719532773187  17.842215815620627  
16.942205413120618  19.31084800170585  1.2608771223953577  
-0.3630647999002967  -17.80228985949583  0.7604114737819601  
-3.8111567399128923  -18.909969080058765  1.3153544896480631  
10.703279135833334  4.415969211817917  2.4692114998825083  
19.53383618005458  -16.64974710725772  58.11987863236287  
10.722505985428178  -2.682197590390807  40.81576981634488  
18.777545079825046  14.50822364427951  1.7359856916682999  
14.453359600319729  12.77837144819722  1.9333067591108963  
-5.60796033572184  11.827992060480426  1.6478086845905304  
16.931456922760447  -0.7087333629965258  0.2690655662762828  
8.080185387090367  -8.605108445451535  2.161908539468037  
-4.395206317878465  13.091139244874505  0.13717736918361034  
19.37037819062335  13.082164535970563  1.3087482573537133  
-7.479477630699458  5.9096260295021565  0.3616345541298688  
10.77817247382928  16.291506150575266  0.32675559349760547  
-13.905758553922576  10.145829419820345  0.1693961864082058  
16.066053836496657  12.248788469840605  1.8504300728319514  
-8.006933514264949  -7.767403873356503  2.0120550810115603  
-3.867390510734854  8.636208575269073  0.07309011458730308  
2.6637075986486494  14.979849026752404  0.2928090217570767  
-2.9376619570333204  12.342114265448352  9.75314077738446  
-14.963172286537926  -0.32378341419128276  66.78992607299567  
-5.132642174791155  -13.890245294082941  0.7473188061214222  
5.938911729996743  -11.269783844580182  55.00473850790731  
1.4522569278741528  4.86620527910576  0.715860734161706  
4.742912471837574  19.632236899851563  1.1924109739861068  
16.33333966310267  -12.487281575179079  1.096557654582274  
-17.211092074909885  11.018571237130029  1.6571966847627195  
18.643517101780034  -10.042246993202536  0.4108899815359565  
-10.893961626537738  -8.381249019157515  55.03759665405603  
3.95409368988933  15.173929525439263  1.4174509243435616  
11.966952849769928  12.867433789123353  1.9026632698648438  
0.4446931464004962  -13.939845526446675  2.089360343419897  
15.806031427857441  15.962084484229614  0.38099441719145893  
8.952586068868534  16.89018112275295  0.2069431018221371  
13.032624993984314  14.147715028608062  1.6895000076613886  
-18.567343212027065  9.128833050011881  1.4582507942656386  
-9.72943438937599  1.0099226544641482  0.1483487330366462  
2.3592656386819613  7.397168718904048  1.5650043291552342  
-1.4448058218788233  5.557477117736042  1.082930815422345  
7.601257600319219  1.3678071665231286  1.0765359660803389  
7.019160593315558  4.87570581220368  0.5443288415402889  
-14.698633977364448  -10.628308379499526  2.099308638224473  
9.598240428369987  15.131940529635138  2.1460302378563503  
13.291256131676008  9.497518547696274  1.8545909199936703  
4.288424819026876  11.714252249958108  2.4719589692117543  
17.573468655450696  13.965101508401787  30.84487285597143  
-5.514476288771393  19.284746986078872  2.1359055430377314  
-13.598495611102761  -7.446098808070536  0.9305491931465742  
11.938548990092698  2.5286535376850168  0.19743210086624996  
-15.51069383615813  0.8679942856843539  0.10760391561183413  
10.848103633085561  -1.6195318679730129  0.26433221938337803  
1.8813799375164848  -0.781297281172904  2.1736140650219453  
12.641051458012832  -19.491600378986462  2.2367220350999233  
2.0148183198728375  17.906162191109594  1.004911258168507  
10.952704634529336  -3.161636774707574  1.772842333512357  
-16.495536217097136  14.68105897857447  0.5643228755791816  
-3.652227762651844  10.898773349185383  7.259187673028295  
0.18246265325410604  0.16779097891084405  22.100822530788182  
-9.688658717477319  7.7673926958688355  0.5722663636611636  
13.923474251462629  17.030313280596296  1.7017641157958279  
-11.95888465443569  15.401477179810072  1.715394762500935  
-15.213235476602932  8.661902462922136  58.09553997970627  
-0.4278186912998372  -17.867525240080077  1.6967277822229998  
13.00644942130581  -16.819905155363045  7.419007806916183  
-11.234456656875068  -18.89347783921991  1.5674802134646282  
-2.6388692088939223  8.508057028186848  1.3879614211081306  
-0.30832827423704856  -17.548003288663484  2.3220909275781803  
4.454177804354753  -15.676368261665004  0.6379318127954942  
9.940325563950658  3.955362202022066  45.94440753401584  
-6.564098242065587  -13.342700281231142  47.1123971776866  
-19.612100886281855  -18.973426559719414  0.09886210933630374  
-9.30112242208223  -9.079668022083878  0.06989272490678378  
-19.04647397084775  -13.264723084660535  1.6824207072536979  
19.077658360527806  -10.855645031838943  1.0384731963014286  
1.875216560494053  2.6990600332505075  0.049543630340516676  
16.08413360444775  7.213600307473325  0.41816184352243213  
-9.9627477963132  11.6050092808346  38.736589696418754  
-14.290218062253377  17.871076230778947  0.8548916139222926  
19.880108944725137  -7.854191976145382  1.2804411910951607  
-1.6739271320236746  -4.720086991424125  2.4262051355119443  
-1.5758535834795993  7.151647709097002  0.763785225957738  
-16.785742668153244  6.921142467912162  1.7737279227722853  
-6.06168585592318  -14.300823082801081  2.257924061943898  
-11.744197532895386  8.60913971334795  2.165360056557877  
7.785132163249354  9.978762333924575  1.9911733637876947  
-8.685269649421631  18.406005958482453  0.004763590123418038  
18.973188546204497  7.70129413335464  0.8991387121770247  
-2.1569139753305855  -4.783886288866984  1.4307246935032591  
-19.051593351493473  0.8257910652292324  1.7365438790197993  
9.24081511985434  -2.1579112476010422  0.7739677323952241  
-19.844668534515417  -8.610936332071013  0.7271754676595856  
16.501276693501595  10.283457603278045  0.7640003124054434  
15.899685230594038  15.218670931778561  7.923987718751606  
-16.326347182895645  -10.940770147326635  0.0035664289261100324  
-8.956552098084689  -15.689572059912571  1.840688103848034  
-4.326498308118243  18.3356520870855  1.3532868466351278  
-6.936303125727342  -11.34827664355289  0.6161530745291308  
-5.027288049451615  -11.359615383588814  0.49406438905664957  
-4.993525025838803  18.27187537744684  0.4479669516154322  
-18.299910273980217  -15.055638720021975  2.0598316044172997  
-4.133074454686941  -3.6992057419531257  0.3439475415231055  
1.6838525361312193  19.8925689240984  1.358220481267379  
-10.07305509337218  -16.182800599719137  0.7154646776948742  
16.967255902696138  -2.0349958469368303  0.321730841911535  
4.58160678552893  -12.732369199679617  0.036387934678120126  
3.328626455958357  6.349057951949938  1.956976099916268  
16.185606326262317  9.237513275385766  0.18077546617274426  
-10.662969278980059  -1.6954258397394604  0.6845849655161571  
3.4509714216648  -6.64447689969732  1.8943824437685772  
1.4748405223000915  -15.197166115121213  1.587336388202318  
7.927295822452457  4.1125032562366215  67.47776480286386  
9.858444170163057  -19.77928429433498  2.2091064134472345  
1.0957396863941895  -7.623816224061306  0.9021740499802094  
19.08835512705045  -2.1287171318911966  1.172205006533988  
7.608053511536678  -12.617055850685027  1.139967661604763  
18.75995629039666  1.1520434420544206  1.0056807195066053  
-15.798135738688192  5.987885896558645  0.2452026395928375  
-1.833852019059865  6.092140899408175  0.7021717943766528  
3.823492440691414  19.954452570680317  0.6839011738157443  
-0.2768631203605807  -18.92028397655261  45.62208418304137  
-15.51047447982465  12.064847713305575  2.1674197643416755  
-4.349382389470481  -0.4493062716617935  1.1792537167345696  
12.418420341079624  1.832505608945315  1.3028821921232003  
-17.56239820390228  -8.579744330961994  1.200935331917745  
-1.0366260939978886  11.597865063584777  0.5180572219236257  
17.625140620073026  9.038222119844022  2.312588629606066  
-19.122291336134268  -6.211308781969622  0.8407589274687866  
13.43719065781368  13.449625757459287  59.01725084751739  
-16.555970723213285  -9.873801099884307  1.237847985158898  
-8.209122944186102  -3.2583006632786926  2.2160826280964634  
15.998406216887886  3.558224612368388  0.34391158418317025  
-4.782601245880507  -13.741452920133934  0.45826841917065486  
19.380817252284018  -6.29929248622657  2.0347009512976175  
18.224828939103915  6.4647381587500234  0.35801010174551645  
-5.156884418595681  16.568705928632014  1.9254033371713473  
13.634061082835501  4.2390751035789584  2.4248281093167647  
-6.0542315101223  19.378232688939853  2.498828263499175  
-1.5808536940930082  -6.620209283249331  0.012566999983551208  
18.974609361125438  11.20012720061058  0.19358437487166424  
