Customers 150 
Coordinate X		 Coordinate Y 		Demand 
-9.70509294124016  10.328431163427473  2.2230052167921213  
5.154080457511698  2.5243073151228215  2.194876189979316  
-10.722048910817907  10.162116599682088  0.07798079271128994  
0.038836860117261285  4.968236537991276  0.15273358643104584  
-14.27501017559653  2.947832400004868  1.0528924805244413  
-9.873349973882702  8.817756059593956  0.7294434064870498  
-12.694040009162356  9.6904461247618  1.8133028867002605  
-13.483615569429944  5.94583873348447  0.13424802537249786  
5.244869868825085  1.5013509091698214  26.981448773507456  
-2.9192608822339556  16.381380384736502  0.5628771804638752  
5.641528690910233  2.7544296585079304  0.03827776472020428  
2.6793447494349474  2.57692249613276  50.94176802379089  
4.948253244618007  4.786297741150999  6.9899575552482105  
-14.067356744383824  1.5585007304298775  2.327257986676284  
-11.39031543858529  4.106008981674502  0.7655584821930561  
1.8373033289653935  5.726888413367252  0.15293643097190807  
-2.1879039429016247  8.213988515455032  0.7782555447416593  
-15.488633416285468  2.864090501352006  2.177697119712852  
9.421216693971083  3.589173516667401  1.564331869978918  
-12.901532321140776  1.6379528530687222  2.3689041228344934  
-7.186906765371745  9.430279829037117  2.2044684963126735  
-15.537194214466854  4.391888250648531  1.6563989396430947  
8.309991637881328  1.733594346626241  1.4465589510257149  
-0.5608689162756355  11.810308714354452  1.5979911349956484  
2.9846511829233497  8.202599448989762  1.5771512091396027  
6.737661935735623  0.43485807602104254  1.1617081495609622  
8.958733102464482  2.617770254249594  0.019871571354492523  
-3.7867224834723148  13.422068848760254  0.21600911250344412  
-1.551993413264567  15.609152123234892  0.637648764202875  
0.18037512901067054  6.141640508704214  2.244465038103089  
-9.813918293663754  13.040949519732926  1.752655889767235  
-8.94165983887448  6.508893515960379  1.102605798884202  
-15.587363624939963  6.227990679514969  2.28608605963298  
-11.338682256090234  5.7759658393855755  1.021779864119432  
-12.645465514889784  3.210638542103011  2.3201654851591256  
-1.9557413413854425  13.294479502582114  1.748372791529148  
-7.22341563090207  8.058532956331497  9.934465137946436  
-14.80320434344061  5.655530738377671  1.2090051322776671  
-1.2101146572505228  8.57165323118652  1.1211604842762077  
1.9228776324515622  7.499224214681462  2.0572988146315603  
-9.444950707439498  7.439692753768201  3.4832667687553007  
-12.800792162508031  0.9770709558337329  1.9666339915876772  
-15.181560968685142  0.9263331150485419  0.22481388653454643  
-2.2919123638297028  11.14401090057421  0.48004629388520237  
10.650958142279212  3.837782470748187  2.156507395439006  
5.911462601380247  3.56855958491043  1.6084320562097996  
3.4993207986114063  8.413791102458985  0.30800392475898025  
1.1862497767291496  7.720937815792581  2.1163294315015087  
-5.042469414458477  11.511939353638098  0.11612442079944496  
-12.175755899269877  2.8668116728820556  0.5450737836050459  
0.6657118371819477  8.798150882586285  0.8265426930442101  
-2.0239967382535085  13.758465600296285  0.6765186288074896  
-6.243250182356846  11.155153489138504  1.4665404451675867  
6.320310915518204  3.095726914892771  0.9675094450160093  
-13.686424885863673  11.611968386788723  2.097502527602829  
-0.09549557620837179  10.984605674032379  2.0838486632042614  
-13.632383156853248  1.7665887861085003  0.1374567659480161  
-8.454164618441032  9.963856809784414  0.46779524361857616  
2.9469002282007675  7.3392974479479  1.9572573432303098  
-12.79912724152984  9.38992090128757  0.5408427059529473  
7.566366888247627  1.8325554380753544  1.196852082441068  
1.9904843237805963  6.8459810778605235  41.899919319547884  
4.786479707989458  5.772071489263613  0.17259743146929823  
0.5199150607733936  2.777851093062099  1.8343103478610543  
8.437429387022602  1.6868206141191657  16.534742006352744  
-17.325071657189348  7.120494169881038  0.5725184313121962  
-8.482159084215388  11.018107859264317  0.19414550942445374  
6.317539446755003  6.651988120615506  0.44112904114121637  
-1.133879184333999  7.088964522690978  1.2873854158524034  
3.453897937364837  8.366255530404414  0.5204592430500667  
-9.12423267235052  11.14842010598366  0.3772228375123121  
5.968228931167211  3.0395968586759534  0.8798887657470594  
3.0174467125743845  3.2985116869128106  1.753772767466793  
-12.708874662897745  7.501798938841615  1.040583038888635  
4.790957410986719  5.101557723859745  1.4428263522468128  
0.35338274618799104  6.3403053724994916  0.874317051475309  
6.586767530248948  -1.2452338063386437  0.4191025106979404  
-1.4690640115216496  11.716401701154712  28.868590436101822  
8.78097480047195  2.8411781184798452  2.364661758134588  
1.4217176808406755  6.187028024087881  2.087763001986589  
-0.978267033788949  14.27785406130754  0.3886110006578111  
-13.849316825017924  5.2633418802002065  2.1517301724078672  
4.6658613901682156  4.549234055105771  1.8856950312220744  
0.5948242243112962  5.074057235736328  58.9943260950857  
-11.079256631441666  10.082719655273944  0.2888925937721909  
-0.9743913169912615  13.320746803983624  47.16724104033859  
-12.640195890469727  3.0262077603560287  0.0323024143210332  
-3.1721783723776404  10.869921275819548  1.7039309576901427  
-7.565051154107735  5.240276214162125  1.483680423782492  
-7.775407091215598  9.873750372434932  0.7828897922502703  
-7.800627813040877  10.918101925278345  0.068810863906697  
8.025335798407351  2.5623955101917706  1.9220316238765212  
-1.0612560159893187  13.574418740501406  0.9898217955789159  
6.560323477513748  5.623611620550015  0.6249780147044365  
-15.130574420965411  4.738126701136313  1.8963501898603028  
6.667934787809669  1.9527246371594789  2.149665412954084  
-10.530624728548043  8.803584473186405  44.820928224032265  
-8.467389851368809  9.082180921174297  1.2985134970370678  
-4.660408717905895  11.206816561673122  0.37034602005440925  
-14.340496125303858  4.479653333777586  0.39650661007171434  
-8.923733136435997  8.394074811668004  1.9420603547547521  
2.9379436035651807  6.660305592077478  0.7609037333804847  
-17.814205235643957  5.4605129554687695  0.49752553514861964  
-2.1179503934427744  7.525934889313376  61.449156342707376  
-15.21945092589904  5.584402658487646  0.46481329271020916  
-0.6810666156991108  9.575095333975364  1.118621702696529  
4.947261856782068  0.5813325033676056  1.6303897729429007  
6.888604440768784  5.122182328742905  1.9882117009792162  
-3.8220334576584305  11.670446457473185  1.3656461123143684  
-1.769641018834557  11.147404644793735  1.8666953121958625  
1.3955249292006835  4.55145118242635  30.420590073585256  
6.834948211040504  -0.27687906010556684  18.73577989501047  
-5.827018363116466  11.920448394781873  0.01659162376377782  
-1.7736450188013808  15.06366082897147  0.34304415586930953  
-13.097860083600088  3.483098300727427  2.412371235565009  
-6.534508010511376  8.97922359425562  2.1295113345748558  
-15.180889956060888  3.9263282899862184  2.086024758848574  
-9.890158992055122  7.06695990881571  56.78689377906178  
5.149111865461594  7.514631419450815  2.4638045800360717  
-9.487210041330002  11.235963215306164  0.7961976798277401  
-4.971437785646521  16.942098134371246  0.7566022420359722  
6.743750730982456  6.415925058637991  1.8443608196132293  
-13.146433909891407  2.146891174980743  2.023327897126789  
5.6533445860043186  3.111217749915088  0.13261752407062316  
3.4468195415825833  3.043072589826806  2.1415525414294696  
-15.958505897760366  6.373120581757664  1.7374931132914484  
-16.99727796102832  1.1165265350022016  2.199398705787324  
-5.593231162062192  6.020711439897302  2.030428028496061  
-12.865432441369613  3.802487852186565  1.8039612504000075  
-11.206128330345484  1.1822346428004056  2.392661422690581  
-4.743076793125782  9.644950466023852  0.9222653544377646  
-18.351703551364043  0.255523531552873  1.1607649188395102  
-18.545811482458994  6.284550427085268  1.3523376768647644  
-16.14662500165084  2.9669296223954458  2.315421544474583  
-2.409177423473621  11.34659137243956  1.1044203168499245  
7.345823332166279  4.354054560549643  0.03689991852948077  
-7.951920868098703  8.198669713761456  0.27803758080864466  
6.2509220966392345  3.5352967650884404  0.32884808583939357  
7.547074071161675  -1.0127960312325377  1.6948737983706443  
-16.887513837589285  8.79462955108748  2.158999751339125  
0.5587496516032617  5.191383803271624  0.3071507376233848  
0.9487219664532516  4.946111318790641  0.7588517122946337  
-2.4248997960862058  16.7708545896059  13.922666663780412  
-9.290653707274949  13.11545289251432  2.1625073219920163  
1.3510346184480073  8.231280107162055  0.42563802655204597  
-3.6208487981603783  14.887641482911953  0.24445227767132538  
-1.1741557643124698  14.266295790486963  1.2860353542385827  
9.77889650045771  4.403873587933053  0.6410273211722994  
10.125171376660987  5.46180733922278  2.390050269444742  
9.867904696347185  5.414391565433746  20.964080445536005  
