Customers 150 
Coordinate X		 Coordinate Y 		Demand 
7.6166929952411895  1.1602108062243643  0.9311189416450825  
4.095978241610671  0.18158901204111677  1.0238774704871303  
4.2461520200275675  5.651683609708471  2.107499973866645  
-2.6146950133162092  12.573310300378223  1.7657830796364962  
12.581992638348408  -3.5762688613848583  2.208767445500094  
0.8840408360891352  -0.5589878273681936  56.71361902634645  
5.489705682646497  2.0613959755541256  0.2089168205828526  
3.0215986817967853  1.1119490484227768  0.8348656543415724  
3.7220721111427975  0.6518385688364385  2.263520424969616  
7.770556339399893  4.799527944442205  0.40125282611694124  
6.9004255077954255  -0.012890617727218334  0.1518216319409127  
7.332239839968052  4.613943229508041  2.4613418163818506  
0.175136345284288  -0.2889712104380271  1.1589827269698492  
8.437601617135222  9.852841814410967  0.18081909067180268  
-0.3814030105361681  0.44200444673610795  1.7331858421490665  
8.568196676926059  4.467451662546415  2.104529894189672  
3.030326774252358  5.077373688270397  2.1362602090643508  
4.2480360078060935  8.850600895571887  0.4959700069876072  
-1.5191042164160304  11.659452591896125  1.2523018540325812  
6.249392342109081  3.9124209814211124  0.16156219295679092  
7.777505854781925  2.9510353149666115  0.07419469129561512  
9.938485240007115  3.8659139172228496  0.2563180447429661  
13.113900601721276  -1.0733276017869593  1.8468887091796329  
5.000966220170348  4.871989110431997  0.12491110682425949  
-0.34940006945850227  10.578281916734188  1.593058293697369  
12.116825641387498  -3.380638716869434  1.0837734945382496  
1.9080973074148089  0.6579654027831072  1.0592538319987335  
0.703328342285801  0.30179828032984846  2.0076752403594607  
11.8757537379843  -2.7242035541791476  2.1826333483632214  
6.842821526254108  2.3284620875588127  1.249765684452946  
8.087953021496574  6.336933300587113  0.21719770700032837  
2.7993718118957034  2.436654951520754  2.407760489375815  
14.492834978803149  -2.882580498838558  2.2447880393725543  
6.765583963149256  8.14344070007429  2.299690011041369  
7.081168977706234  6.326841959226272  2.090501402839239  
5.336131122550186  1.744658162632157  1.130471763349472  
7.156879397688215  7.687829804261608  19.5004554867785  
6.169832276073294  9.486642047132388  1.5459079836118845  
10.501155603457004  2.6922397168236123  2.474327052119204  
11.784469233480333  -3.7657935756149374  0.6244051611309875  
9.53898665864975  -3.381704350474288  1.12091505577009  
7.13151840212665  7.196291070335764  2.43454517020869  
1.493902608941406  6.45697165381418  2.1657347696814893  
-1.0235467246714178  14.185773786288195  2.451085665971216  
10.300516221387948  -1.143777698925895  1.7596453622483863  
0.6664058919132158  12.448851090665809  2.261827553128059  
12.354201837343801  -6.821233522391662  0.8463875850862118  
11.326831496487703  5.4958008735771084  50.13466609187149  
1.746066192081165  7.414828323396212  0.9589884633530721  
4.647944532785603  1.6044869231254106  0.738062001944866  
4.448183686566024  2.981655236963156  1.51323148764064  
3.531527567375746  7.124088478793091  66.75190182691273  
0.5953155853824093  14.896012113234649  0.05820919675087022  
4.1096111796010755  1.2924935524608834  13.207023420685129  
7.631367033629741  4.4290780893640225  1.959047623577599  
9.517919136806846  11.628306683987052  0.21844023533535067  
10.946535491820335  -1.9298859761339067  2.343075453449608  
16.50154465827186  -0.721361683169504  1.1863279063201226  
-0.6085837122805771  -0.10209092707856993  2.10708771214455  
6.888569990333687  6.628220767480336  1.8661209348674936  
1.5870484238923137  3.636122728025782  2.233477964008065  
4.120360113020795  3.073039325401618  1.489095458652041  
9.47747623058902  8.963452520711764  2.3234415713960606  
1.2983967376633867  15.663170904042154  2.235388935077735  
1.0046778703883132  2.6515393329347354  2.3804544013636155  
0.8604681376393486  10.44816451625193  1.3527305489340191  
12.880545752841044  -3.483139252375051  1.1280883805623438  
6.655229189170959  5.2203363894847055  2.452960924343697  
-2.4219772682675758  10.35554142274195  2.1095362281001697  
3.401009122780824  -0.8086139699999162  3.078573339734729  
6.051716093098745  1.330833426307996  0.8892327965574875  
6.140222940548135  4.824304245312273  1.4355515060662682  
9.761382771008176  6.780912250607074  0.677311441000995  
-1.6342147119166348  9.847496340471146  1.1089431376376901  
0.9983170362468194  13.511357139002023  2.462345247193353  
8.810014630299989  2.2877425759500283  1.2594535221349257  
1.8860336314031616  12.498057424853267  47.0412380251623  
7.796081725560195  0.6312031528039324  46.63185763945588  
15.392975300067851  -3.6716902835606464  1.787884903821618  
11.407296687379109  -1.656173918753831  1.5194952535061361  
2.676263467130339  2.584290352245931  50.78049649042232  
4.260608008565369  2.436740769411047  2.2832899251150067  
-0.25534997421379746  0.9001438845419207  1.4970472215340869  
-3.5316870945973844  12.120762371521593  1.4242753209402257  
7.458563568070183  7.454918928553829  2.3324091124195427  
4.412759964817232  2.355333448121496  0.20548909145827438  
7.148597393744429  5.6614626088710285  1.4412127069904845  
9.742489133378973  0.3964437069266933  1.5423002587476882  
9.111981060082137  3.1951230984797077  1.9745634904545215  
5.151337905087294  1.911898689091128  1.1630588271149578  
0.8681667300349984  5.2745833276036045  0.6768182674300682  
2.57628914605047  4.814069707115156  2.180682148912659  
5.214944888266357  7.971655246830724  0.3734337509849092  
6.342754210941385  5.382968528218844  1.8396940043605479  
14.404039533668662  -4.893556261883271  2.1208439531403074  
2.4486368680799746  4.355005879245155  1.9161023672544686  
4.363735661087867  5.561432546313094  0.5026504384702696  
14.070598063237123  -2.1004741091674353  40.52216658308934  
6.374012316475224  0.7810020992351361  1.3606531775337847  
7.583258680447056  7.3180742820757905  1.459788643163991  
1.349272800471926  2.984257249617939  2.414748809629498  
6.378750809412129  9.331772466722093  1.6333049154737644  
4.006165554753192  4.425626735019441  35.37729350889925  
14.794705956532972  -2.062815031109877  1.8025898602764892  
6.171651710001912  8.332800583162859  1.677815988925956  
7.328663580053533  7.177384219925652  0.860888080082227  
-1.9183050200320246  12.413779904462505  1.3554540488703382  
8.918261468478828  -1.5299925683903854  0.1907109384666658  
5.634134129049068  6.557413195702324  1.0086071844070432  
4.950454721618626  3.9541694792513162  2.164232776326208  
2.5820165698837596  1.1722692433928674  1.4673425963756928  
4.497882947593208  2.5903340847027896  2.158288836228262  
1.040230493201921  11.633556981240654  1.4425979206437178  
-1.0004050873420296  13.011285888039852  1.9050071523698837  
14.398307114516685  -2.5399299022509996  2.3859837912643793  
14.68938943030375  -3.930142904544152  1.631160789439015  
12.70838767023004  -7.023317194163962  2.399537281788087  
3.5379606955074996  14.367837774472749  0.8535526419864237  
2.853856770912384  10.092138879490014  2.0616845566995727  
0.05717776156337884  2.392486201233449  0.49592293735192666  
10.502488457925262  -0.37291680183543985  0.4608105053645528  
1.2817976732710372  1.5551908676010626  0.43234511357986033  
12.458604901664584  -2.830453049861403  1.710235624204368  
5.634285601484811  2.582012543861339  1.707192383725692  
8.154235950174321  7.49342997560924  0.5665536316978986  
6.326925457381943  4.58114386964207  1.7569912573327675  
6.819185237561284  0.9565330796548879  2.1139978144421576  
-0.5245650243604693  12.645879964803907  0.9751535729781813  
9.429622998959127  4.580631552000979  0.3865631136229905  
6.968392918369774  1.2376933865062802  35.04566577637721  
13.485651258294478  5.238145249422967  1.466480983891592  
-0.7687420108344943  14.262411959393509  0.6885961918477923  
11.44044986582896  -7.503733652100116  0.7216605165278702  
8.64982183358311  1.6686922593454199  1.5980292432436196  
4.611051825979926  6.3578075833951875  0.656107495951127  
1.873541933625368  10.639773642964473  3.6266894062742545  
-0.9067137675863336  11.188773533486646  1.8822346840059059  
13.565528763793383  -1.7694725157003608  0.9336570373140052  
10.416153841087066  -5.383420539352502  1.88244560824912  
2.790321532880574  3.4634562773127935  0.7503325172388847  
0.3521304121716592  11.560710572158643  0.812239236132225  
13.48208127981371  -4.603943141001447  1.6135077953872858  
13.801612356674056  5.206766396192089  1.5819438030577146  
14.439585243446768  0.34758687467102733  1.0993143236030751  
12.538214986850944  -5.177755715653741  2.0467863791812806  
1.8563208131641504  4.214210664070203  1.8564180503920789  
2.917341515533531  16.057835127404942  1.4649012814925053  
6.504793343287012  2.8610048802622017  1.733747129414565  
1.4520245512615921  13.240113442878359  58.93055986863283  
0.4749925728978246  4.082830027233614  1.7181522323810947  
